{
 "cells": [
  {
   "cell_type": "markdown",
   "id": "d8685d2b",
   "metadata": {},
   "source": [
    "# Gaussian Graphical Model on a 4‑Cycle\n",
    "This notebook simulates a 4‑dimensional Gaussian random vector whose precision matrix corresponds to the cyclic graph 1–2–3–4–1.\n",
    "We verify conditional independence structure and estimate covariance/precision matrices."
   ]
  },
  {
   "cell_type": "markdown",
   "id": "65abaf61",
   "metadata": {},
   "source": [
    "## 1. Define the graph and precision matrix"
   ]
  },
  {
   "cell_type": "code",
   "execution_count": 8,
   "id": "9efbb1a2",
   "metadata": {},
   "outputs": [
    {
     "data": {
      "text/plain": [
       "array([[ 0.29411765, -0.26470588,  0.23529412, -0.20588235],\n",
       "       [-0.26470588,  0.38823529, -0.31176471,  0.23529412],\n",
       "       [ 0.23529412, -0.31176471,  0.38823529, -0.26470588],\n",
       "       [-0.20588235,  0.23529412, -0.26470588,  0.29411765]])"
      ]
     },
     "execution_count": 8,
     "metadata": {},
     "output_type": "execute_result"
    }
   ],
   "source": [
    "import numpy as np\n",
    "import pandas as pd\n",
    "\n",
    "d = 4\n",
    "Theta = np.array([\n",
    "    [10,  5,  0,  3],\n",
    "    [ 5, 10,  5,  0],\n",
    "    [ 0,  5, 10,  5],\n",
    "    [ 3,  0,  5, 10]\n",
    "])\n",
    "Sigma = np.linalg.inv(Theta)\n",
    "Sigma"
   ]
  },
  {
   "cell_type": "markdown",
   "id": "ef7ea673",
   "metadata": {},
   "source": [
    "## 2. Simulate Gaussian sample"
   ]
  },
  {
   "cell_type": "code",
   "execution_count": 9,
   "id": "eac849ba",
   "metadata": {},
   "outputs": [
    {
     "data": {
      "text/plain": [
       "array([[-0.61387469,  1.03123743, -0.21641909,  0.38343334],\n",
       "       [-0.33425414,  0.40893535, -0.28014723,  0.60087478],\n",
       "       [ 0.28666776, -0.04199979, -0.85809002,  0.07431151],\n",
       "       [-0.01827194, -0.36529607,  0.20071357, -0.46359253],\n",
       "       [ 0.89308581, -1.33016823,  1.07547789, -1.26731131]])"
      ]
     },
     "execution_count": 9,
     "metadata": {},
     "output_type": "execute_result"
    }
   ],
   "source": [
    "N = 10**6\n",
    "mean = np.zeros(d)\n",
    "X = np.random.multivariate_normal(mean, Sigma, size=N)\n",
    "X[:5]"
   ]
  },
  {
   "cell_type": "markdown",
   "id": "046fd920",
   "metadata": {},
   "source": [
    "## 4. Estimate covariance and precision"
   ]
  },
  {
   "cell_type": "code",
   "execution_count": 10,
   "id": "48a6ed97",
   "metadata": {},
   "outputs": [
    {
     "data": {
      "text/plain": [
       "(array([[ 0.29433154, -0.26493106,  0.23590508, -0.2065122 ],\n",
       "        [-0.26493106,  0.38835123, -0.31228855,  0.23612319],\n",
       "        [ 0.23590508, -0.31228855,  0.38899131, -0.26570873],\n",
       "        [-0.2065122 ,  0.23612319, -0.26570873,  0.29505332]]),\n",
       " array([[10.00274606,  4.99382159, -0.01218043,  2.99368126],\n",
       "        [ 4.99382159, 10.00855449,  4.99632564, -0.0149105 ],\n",
       "        [-0.01218043,  4.99632564, 10.00935348,  5.0069216 ],\n",
       "        [ 2.99368126, -0.0149105 ,  5.0069216 , 10.00542956]]))"
      ]
     },
     "execution_count": 10,
     "metadata": {},
     "output_type": "execute_result"
    }
   ],
   "source": [
    "EstimSigma = np.cov(X, rowvar=False)\n",
    "EstimTheta = np.linalg.inv(EstimSigma)\n",
    "EstimSigma, EstimTheta"
   ]
  },
  {
   "cell_type": "markdown",
   "id": "92ecaa2a",
   "metadata": {},
   "source": [
    "## 5. Maximum-likelihood estimation"
   ]
  },
  {
   "cell_type": "code",
   "execution_count": 11,
   "id": "68d16098",
   "metadata": {},
   "outputs": [
    {
     "name": "stderr",
     "output_type": "stream",
     "text": [
      "C:\\Users\\20254817\\AppData\\Local\\anaconda3\\Lib\\site-packages\\scipy\\optimize\\_numdiff.py:596: RuntimeWarning: invalid value encountered in subtract\n",
      "  df = fun(x1) - f0\n",
      "C:\\Users\\20254817\\AppData\\Local\\anaconda3\\Lib\\site-packages\\scipy\\optimize\\_numdiff.py:596: RuntimeWarning: invalid value encountered in subtract\n",
      "  df = fun(x1) - f0\n"
     ]
    },
    {
     "data": {
      "text/plain": [
       "array([[10.00312117,  4.994186  , -0.01200583,  2.99389956],\n",
       "       [ 4.994186  , 10.00885584,  4.99619159, -0.01503403],\n",
       "       [-0.01200583,  4.99619159, 10.008951  ,  5.0067704 ],\n",
       "       [ 2.99389956, -0.01503403,  5.0067704 , 10.00562312]])"
      ]
     },
     "execution_count": 11,
     "metadata": {},
     "output_type": "execute_result"
    }
   ],
   "source": [
    "from scipy.optimize import minimize\n",
    "\n",
    "def construct_symmetric_matrix(theta_vec):\n",
    "    Theta_mat = np.zeros((d, d))\n",
    "    idx = np.triu_indices(d)\n",
    "    Theta_mat[idx] = theta_vec\n",
    "    Theta_mat = Theta_mat + Theta_mat.T - np.diag(np.diag(Theta_mat))\n",
    "    return Theta_mat\n",
    "\n",
    "def log_likelihood(theta_vec, S):\n",
    "    Theta_mat = construct_symmetric_matrix(theta_vec)\n",
    "    det = np.linalg.det(Theta_mat)\n",
    "    if det <= 0:\n",
    "        return -np.inf\n",
    "    return np.log(det) - np.trace(S @ Theta_mat)\n",
    "\n",
    "A = np.random.randn(d, d)\n",
    "Theta0 = A @ A.T + d * np.eye(d)\n",
    "theta0_vec = Theta0[np.triu_indices(d)]\n",
    "\n",
    "res = minimize(lambda t: -log_likelihood(t, EstimSigma),\n",
    "               theta0_vec)\n",
    "\n",
    "Theta_MLE = construct_symmetric_matrix(res.x)\n",
    "Theta_MLE"
   ]
  },
  {
   "cell_type": "code",
   "execution_count": null,
   "id": "aa7de34a-3728-4d3f-b821-eb0880313701",
   "metadata": {},
   "outputs": [],
   "source": []
  }
 ],
 "metadata": {
  "kernelspec": {
   "display_name": "Python [conda env:base] *",
   "language": "python",
   "name": "conda-base-py"
  },
  "language_info": {
   "codemirror_mode": {
    "name": "ipython",
    "version": 3
   },
   "file_extension": ".py",
   "mimetype": "text/x-python",
   "name": "python",
   "nbconvert_exporter": "python",
   "pygments_lexer": "ipython3",
   "version": "3.13.5"
  }
 },
 "nbformat": 4,
 "nbformat_minor": 5
}
