{
 "cells": [
  {
   "cell_type": "markdown",
   "id": "d8685d2b",
   "metadata": {},
   "source": [
    "# Gaussian Graphical Model on a 4‑Cycle\n",
    "This notebook simulates a 4‑dimensional Gaussian random vector whose precision matrix corresponds to the cyclic graph 1–2–3–4–1.\n",
    "We verify conditional independence structure and estimate covariance/precision matrices."
   ]
  },
  {
   "cell_type": "markdown",
   "id": "65abaf61",
   "metadata": {},
   "source": [
    "## 1. Define the graph and precision matrix"
   ]
  },
  {
   "cell_type": "code",
   "execution_count": 8,
   "id": "9efbb1a2",
   "metadata": {},
   "outputs": [
    {
     "data": {
      "text/plain": [
       "array([[ 0.29411765, -0.26470588,  0.23529412, -0.20588235],\n",
       "       [-0.26470588,  0.38823529, -0.31176471,  0.23529412],\n",
       "       [ 0.23529412, -0.31176471,  0.38823529, -0.26470588],\n",
       "       [-0.20588235,  0.23529412, -0.26470588,  0.29411765]])"
      ]
     },
     "execution_count": 8,
     "metadata": {},
     "output_type": "execute_result"
    }
   ],
   "source": [
    "import numpy as np\n",
    "import pandas as pd\n",
    "\n",
    "d = 4\n",
    "Theta = np.array([\n",
    "    [10,  5,  0,  3],\n",
    "    [ 5, 10,  5,  0],\n",
    "    [ 0,  5, 10,  5],\n",
    "    [ 3,  0,  5, 10]\n",
    "])\n",
    "Sigma = np.linalg.inv(Theta)\n",
    "Sigma"
   ]
  },
  {
   "cell_type": "markdown",
   "id": "ef7ea673",
   "metadata": {},
   "source": [
    "## 2. Simulate Gaussian sample"
   ]
  },
  {
   "cell_type": "code",
   "execution_count": 9,
   "id": "eac849ba",
   "metadata": {},
   "outputs": [
    {
     "data": {
      "text/plain": [
       "array([[ 0.2284922 , -0.23848616,  0.22954781, -0.29600346],\n",
       "       [-0.69271903,  0.23249835, -0.21619735,  0.36528982],\n",
       "       [-0.55269577,  0.44440048, -0.34034812,  0.54591197],\n",
       "       [-0.53004345,  0.71227158, -0.23809721,  0.11444217],\n",
       "       [-0.19376043, -0.51093053,  1.4735689 , -0.86717736]])"
      ]
     },
     "execution_count": 9,
     "metadata": {},
     "output_type": "execute_result"
    }
   ],
   "source": [
    "N = 10**6\n",
    "mean = np.zeros(d)\n",
    "X = np.random.multivariate_normal(mean, Sigma, size=N)\n",
    "X[:5]"
   ]
  },
  {
   "cell_type": "markdown",
   "id": "046fd920",
   "metadata": {},
   "source": [
    "## 4. Estimate covariance and precision"
   ]
  },
  {
   "cell_type": "code",
   "execution_count": 10,
   "id": "48a6ed97",
   "metadata": {},
   "outputs": [
    {
     "data": {
      "text/plain": [
       "(array([[ 0.29370672, -0.2641558 ,  0.23524747, -0.20581796],\n",
       "        [-0.2641558 ,  0.387367  , -0.3114421 ,  0.23495567],\n",
       "        [ 0.23524747, -0.3114421 ,  0.38830817, -0.26470301],\n",
       "        [-0.20581796,  0.23495567, -0.26470301,  0.29418648]]),\n",
       " array([[ 1.00134926e+01,  4.99860912e+00, -8.07443954e-03,\n",
       "          3.00614684e+00],\n",
       "        [ 4.99860912e+00,  1.00103948e+01,  5.00329663e+00,\n",
       "          4.05262853e-03],\n",
       "        [-8.07443954e-03,  5.00329663e+00,  9.99710181e+00,\n",
       "          4.99359509e+00],\n",
       "        [ 3.00614684e+00,  4.05262853e-03,  4.99359509e+00,\n",
       "          9.99225541e+00]]))"
      ]
     },
     "execution_count": 10,
     "metadata": {},
     "output_type": "execute_result"
    }
   ],
   "source": [
    "EstimSigma = np.cov(X, rowvar=False)\n",
    "EstimTheta = np.linalg.inv(EstimSigma)\n",
    "EstimSigma, EstimTheta"
   ]
  },
  {
   "cell_type": "markdown",
   "id": "92ecaa2a",
   "metadata": {},
   "source": [
    "## 5. Maximum-likelihood estimation"
   ]
  },
  {
   "cell_type": "code",
   "execution_count": 11,
   "id": "68d16098",
   "metadata": {},
   "outputs": [
    {
     "name": "stderr",
     "output_type": "stream",
     "text": [
      "C:\\Users\\20254817\\AppData\\Local\\anaconda3\\Lib\\site-packages\\scipy\\optimize\\_numdiff.py:596: RuntimeWarning: invalid value encountered in subtract\n",
      "  df = fun(x1) - f0\n",
      "C:\\Users\\20254817\\AppData\\Local\\anaconda3\\Lib\\site-packages\\scipy\\optimize\\_numdiff.py:596: RuntimeWarning: invalid value encountered in subtract\n",
      "  df = fun(x1) - f0\n",
      "C:\\Users\\20254817\\AppData\\Local\\anaconda3\\Lib\\site-packages\\scipy\\optimize\\_numdiff.py:596: RuntimeWarning: invalid value encountered in subtract\n",
      "  df = fun(x1) - f0\n"
     ]
    },
    {
     "data": {
      "text/plain": [
       "array([[ 1.00135599e+01,  4.99831238e+00, -8.43075986e-03,\n",
       "         3.00614491e+00],\n",
       "       [ 4.99831238e+00,  1.00102506e+01,  5.00304869e+00,\n",
       "         3.62172467e-03],\n",
       "       [-8.43075986e-03,  5.00304869e+00,  9.99741039e+00,\n",
       "         4.99392656e+00],\n",
       "       [ 3.00614491e+00,  3.62172467e-03,  4.99392656e+00,\n",
       "         9.99321425e+00]])"
      ]
     },
     "execution_count": 11,
     "metadata": {},
     "output_type": "execute_result"
    }
   ],
   "source": [
    "from scipy.optimize import minimize\n",
    "\n",
    "def construct_symmetric_matrix(theta_vec):\n",
    "    Theta_mat = np.zeros((d, d))\n",
    "    idx = np.triu_indices(d)\n",
    "    Theta_mat[idx] = theta_vec\n",
    "    Theta_mat = Theta_mat + Theta_mat.T - np.diag(np.diag(Theta_mat))\n",
    "    return Theta_mat\n",
    "\n",
    "def log_likelihood(theta_vec, S):\n",
    "    Theta_mat = construct_symmetric_matrix(theta_vec)\n",
    "    det = np.linalg.det(Theta_mat)\n",
    "    if det <= 0:\n",
    "        return -np.inf\n",
    "    return np.log(det) - np.trace(S @ Theta_mat)\n",
    "\n",
    "\n",
    "\n",
    "A = np.random.randn(d, d)\n",
    "Theta0 = A @ A.T + d * np.eye(d)\n",
    "theta0_vec = Theta0[np.triu_indices(d)]\n",
    "\n",
    "\n",
    "\n",
    "\n",
    "res = minimize(lambda t: -log_likelihood(t, EstimSigma),\n",
    "               theta0_vec)\n",
    "\n",
    "Theta_MLE = construct_symmetric_matrix(res.x)\n",
    "Theta_MLE"
   ]
  },
  {
   "cell_type": "markdown",
   "id": "2a7e6cd9-e19f-4cc2-a16e-33274ed20984",
   "metadata": {},
   "source": [
    "## 6. Graphical Lasso \n"
   ]
  },
  {
   "cell_type": "code",
   "execution_count": 21,
   "id": "c32c17b5-43d2-475b-a717-abc60a9ba1ab",
   "metadata": {},
   "outputs": [
    {
     "data": {
      "text/plain": [
       "array([[ 1.68292334e+00, -1.11544328e-10, -9.62022223e-04,\n",
       "         2.01251609e-03],\n",
       "       [-1.11544328e-10,  1.46673548e+00,  3.11490064e-02,\n",
       "        -1.91520942e-03],\n",
       "       [-9.62022223e-04,  3.11490064e-02,  1.46694374e+00,\n",
       "         3.82203711e-05],\n",
       "       [ 2.01251609e-03, -1.91520942e-03,  3.82203711e-05,\n",
       "         1.67881630e+00]])"
      ]
     },
     "execution_count": 21,
     "metadata": {},
     "output_type": "execute_result"
    }
   ],
   "source": [
    "def penalized_log_likelihood(theta_vec, S , lamb):\n",
    "    Theta_mat = construct_symmetric_matrix(theta_vec)\n",
    "    det = np.linalg.det(Theta_mat)\n",
    "    if det <= 0:\n",
    "        return -np.inf\n",
    "    sum_Theta = np.absolute(Theta_mat).sum()    \n",
    "    return np.log(det) - np.trace(S @ Theta_mat )  - lamb * sum_Theta\n",
    "\n",
    "\n",
    "A = np.random.randn(d, d)\n",
    "Theta0 = A @ A.T + d * np.eye(d)\n",
    "theta0_vec = Theta0[np.triu_indices(d)]\n",
    "\n",
    "\n",
    "lamb = 0.3\n",
    "\n",
    "res = minimize(lambda t: -penalized_log_likelihood(t, EstimSigma , lamb),\n",
    "               theta0_vec)\n",
    "\n",
    "Theta_MLE = construct_symmetric_matrix(res.x)\n",
    "Theta_MLE  "
   ]
  },
  {
   "cell_type": "code",
   "execution_count": null,
   "id": "e02b107a-b2ba-495b-94a6-3d3c4041ecd0",
   "metadata": {},
   "outputs": [],
   "source": []
  }
 ],
 "metadata": {
  "kernelspec": {
   "display_name": "Python [conda env:base] *",
   "language": "python",
   "name": "conda-base-py"
  },
  "language_info": {
   "codemirror_mode": {
    "name": "ipython",
    "version": 3
   },
   "file_extension": ".py",
   "mimetype": "text/x-python",
   "name": "python",
   "nbconvert_exporter": "python",
   "pygments_lexer": "ipython3",
   "version": "3.13.5"
  }
 },
 "nbformat": 4,
 "nbformat_minor": 5
}
