{
 "cells": [
  {
   "cell_type": "markdown",
   "id": "7a11c0d3-f379-496d-abbe-9007524c4607",
   "metadata": {},
   "source": [
    "# Graphical Lasso \n",
    "\n",
    "This notebook performs the graphical Lasso on a 4‑dimensional Gaussian random vector whose precision matrix corresponds to the cyclic graph 1–2–3–4–1. This is done using the function \\texttt{graphical_lasso()} from the \\texttt{sklearn.covariance package}. "
   ]
  },
  {
   "cell_type": "markdown",
   "id": "27426075-eb1a-4fd8-b5b1-ba5297ac292f",
   "metadata": {},
   "source": [
    "## 1. Define the graph and precision matrix"
   ]
  },
  {
   "cell_type": "code",
   "execution_count": 63,
   "id": "88bf8723-ec41-4302-af3e-1dc0c527ecae",
   "metadata": {},
   "outputs": [],
   "source": [
    "import numpy as np\n",
    "import pandas as pd\n",
    "\n",
    "d = 4\n",
    "Theta = np.array([\n",
    "    [10,  5,  0, 3],\n",
    "    [ 5, 10,  5,  0],\n",
    "    [ 0,  5, 10 ,   5],\n",
    "    [ 3,  0,  5, 10]\n",
    "])\n",
    "Sigma = np.linalg.inv(Theta)"
   ]
  },
  {
   "cell_type": "markdown",
   "id": "eee47caa-f5b1-4333-ab39-c0827e7baffb",
   "metadata": {},
   "source": [
    "## 2. Simulate Gaussian sample"
   ]
  },
  {
   "cell_type": "code",
   "execution_count": 64,
   "id": "0efbba68-bea8-429c-a31a-a4140fa984e4",
   "metadata": {},
   "outputs": [
    {
     "data": {
      "text/plain": [
       "array([[ 0.18846935, -0.84386078,  0.59970319, -0.25219988],\n",
       "       [ 0.7388085 , -0.32582239,  0.24215606, -0.2507643 ],\n",
       "       [-0.65637362,  0.70860511, -1.2946282 ,  0.93780815],\n",
       "       [-0.07701061,  0.31825742,  0.39118278, -0.24349002],\n",
       "       [ 1.26770721, -1.16182284,  1.16278316, -0.60700645]])"
      ]
     },
     "execution_count": 64,
     "metadata": {},
     "output_type": "execute_result"
    }
   ],
   "source": [
    "N = 10**6\n",
    "mean = np.zeros(d)\n",
    "X = np.random.multivariate_normal(mean, Sigma, size=N)\n",
    "X[:5]"
   ]
  },
  {
   "cell_type": "code",
   "execution_count": 65,
   "id": "68c85f71-11b8-418d-a436-d9a320f5b6fb",
   "metadata": {},
   "outputs": [
    {
     "data": {
      "text/plain": [
       "array([[ 0.29380058, -0.264345  ,  0.23507001, -0.20588586],\n",
       "       [-0.264345  ,  0.38816912, -0.31161651,  0.23543032],\n",
       "       [ 0.23507001, -0.31161651,  0.38791333, -0.26473108],\n",
       "       [-0.20588586,  0.23543032, -0.26473108,  0.29415713]])"
      ]
     },
     "execution_count": 65,
     "metadata": {},
     "output_type": "execute_result"
    }
   ],
   "source": [
    "EstimSigma = np.cov(X, rowvar=False)\n",
    "EstimSigma"
   ]
  },
  {
   "cell_type": "code",
   "execution_count": 66,
   "id": "0e78ee02-193e-44d2-ace9-b54cee1a790f",
   "metadata": {},
   "outputs": [
    {
     "name": "stdout",
     "output_type": "stream",
     "text": [
      "Precision matrix (Theta):\n",
      " [[ 3.49556036  0.46479537 -0.10590815  0.        ]\n",
      " [ 0.46479537  2.83080032  0.69680704 -0.10591083]\n",
      " [-0.10590815  0.69680704  2.83079946  0.46479473]\n",
      " [ 0.         -0.10591083  0.46479473  3.49556015]]\n",
      "Covariance matrix (Sigma):\n",
      " [[ 0.29411765 -0.05470587  0.0252941  -0.0050208 ]\n",
      " [-0.05470587  0.38823529 -0.10176471  0.02529438]\n",
      " [ 0.0252941  -0.10176471  0.38823529 -0.05470588]\n",
      " [-0.0050208   0.02529438 -0.05470588  0.29411765]]\n"
     ]
    }
   ],
   "source": [
    "from sklearn.covariance import  graphical_lasso\n",
    "\n",
    "covariance , precision = graphical_lasso(Sigma , alpha=0.21)\n",
    "\n",
    "print(\"Precision matrix (Theta):\\n\", precision)\n",
    "print(\"Covariance matrix (Sigma):\\n\", covariance)"
   ]
  },
  {
   "cell_type": "code",
   "execution_count": null,
   "id": "1f485950-028c-45a9-b6c1-c9a023264eee",
   "metadata": {},
   "outputs": [],
   "source": []
  },
  {
   "cell_type": "code",
   "execution_count": null,
   "id": "ce7af203-b603-437e-85e2-ab6deec70018",
   "metadata": {},
   "outputs": [],
   "source": []
  },
  {
   "cell_type": "code",
   "execution_count": null,
   "id": "4222ecc7-088c-4996-8d42-5cdbe10e1359",
   "metadata": {},
   "outputs": [],
   "source": []
  }
 ],
 "metadata": {
  "kernelspec": {
   "display_name": "Python [conda env:base] *",
   "language": "python",
   "name": "conda-base-py"
  },
  "language_info": {
   "codemirror_mode": {
    "name": "ipython",
    "version": 3
   },
   "file_extension": ".py",
   "mimetype": "text/x-python",
   "name": "python",
   "nbconvert_exporter": "python",
   "pygments_lexer": "ipython3",
   "version": "3.13.5"
  }
 },
 "nbformat": 4,
 "nbformat_minor": 5
}
