{
 "cells": [
  {
   "cell_type": "code",
   "execution_count": 1,
   "id": "90f6d69a-420e-4740-adb2-cf64d6675c7f",
   "metadata": {},
   "outputs": [],
   "source": [
    "import pandas as pd\n",
    "import numpy as np \n",
    "import scipy.optimize as optimize\n",
    "import random"
   ]
  },
  {
   "cell_type": "markdown",
   "id": "ac8593d4-88f4-4829-a019-799d77e3e651",
   "metadata": {},
   "source": [
    "Consider the square cyclic graph 1--2--3--4--1. A precision matrix that satisfies this structure is given by"
   ]
  },
  {
   "cell_type": "code",
   "execution_count": 2,
   "id": "6473e44c-f702-49fa-9047-0be0ca46677f",
   "metadata": {},
   "outputs": [
    {
     "name": "stdout",
     "output_type": "stream",
     "text": [
      "This is the true precision matrix  \n",
      " [[10.   0.5  0.   0.5]\n",
      " [ 0.5 10.   0.5  0. ]\n",
      " [ 0.   0.5 10.   0.5]\n",
      " [ 0.5  0.   0.5 10. ]]\n"
     ]
    }
   ],
   "source": [
    "d = 4\n",
    "Theta = np.matrix([\n",
    "[10 , 0.5  , 0 , 0.5],\n",
    "[0.5 , 10 , 0.5 , 0 ],\n",
    "[0 , 0.5 , 10 , 0.5],\n",
    "[0.5 , 0 , 0.5 , 10]\n",
    "])\n",
    "\n",
    "print(\"This is the true precision matrix  \\n\", Theta)"
   ]
  },
  {
   "cell_type": "code",
   "execution_count": 3,
   "id": "d96d1887-0b23-4ec4-90f7-8eccb7da4344",
   "metadata": {},
   "outputs": [
    {
     "name": "stdout",
     "output_type": "stream",
     "text": [
      "This is the true covariance matrix  \n",
      " [[ 0.10050505 -0.00505051  0.00050505 -0.00505051]\n",
      " [-0.00505051  0.10050505 -0.00505051  0.00050505]\n",
      " [ 0.00050505 -0.00505051  0.10050505 -0.00505051]\n",
      " [-0.00505051  0.00050505 -0.00505051  0.10050505]]\n"
     ]
    }
   ],
   "source": [
    "Sigma = np.linalg.inv(Theta) \n",
    "print(\"This is the true covariance matrix  \\n\", Sigma)"
   ]
  },
  {
   "cell_type": "markdown",
   "id": "504fbcea-5523-4898-8059-5e10c2a28657",
   "metadata": {},
   "source": [
    "We first generate a sample of size $N=10000$ from a centered multivariate Guassian distribution with covariance matrix $\\Sigma$"
   ]
  },
  {
   "cell_type": "code",
   "execution_count": 4,
   "id": "282b1a57-661e-4bd0-870c-927c22c8d12e",
   "metadata": {},
   "outputs": [
    {
     "name": "stdout",
     "output_type": "stream",
     "text": [
      "[[-0.79051174  0.18334081  0.30050765 ... -0.19815123  0.11462431\n",
      "   0.4796144 ]\n",
      " [ 0.06549071  0.30895145 -0.20687958 ... -0.13019194  0.5135878\n",
      "   0.51564668]\n",
      " [ 0.67249927 -0.26054063  0.09772485 ...  0.01580398  0.02297572\n",
      "   0.12713282]\n",
      " [-0.72422374  0.14396419 -0.1340321  ...  0.13793598  0.36966666\n",
      "   0.29853747]]\n"
     ]
    },
    {
     "data": {
      "text/plain": [
       "(4, 10000)"
      ]
     },
     "execution_count": 4,
     "metadata": {},
     "output_type": "execute_result"
    }
   ],
   "source": [
    "N = 10000\n",
    "d = 4\n",
    "mean = np.zeros(4)\n",
    "random.seed(7)\n",
    "X = np.random.multivariate_normal(mean ,Sigma , N)\n",
    "X = np.transpose(X)\n",
    "print(X)\n",
    "####To calculate the covariance matrix using np.cov, we need to reshape X into a matrix where each row represnets a variable and each column a single observation\n",
    "X.shape"
   ]
  },
  {
   "cell_type": "code",
   "execution_count": 5,
   "id": "ef7381bc-d2f2-47f6-abba-c9ec0d61f6a3",
   "metadata": {},
   "outputs": [
    {
     "name": "stdout",
     "output_type": "stream",
     "text": [
      "This is the sample covariance matrix is  \n",
      " [[ 0.10009737 -0.00487598  0.00017038 -0.00438293]\n",
      " [-0.00487598  0.09949922 -0.00570153 -0.00051381]\n",
      " [ 0.00017038 -0.00570153  0.09934195 -0.00539141]\n",
      " [-0.00438293 -0.00051381 -0.00539141  0.1014597 ]]\n",
      "This is the estimated precision matrix is  \n",
      " [[10.03354239  0.4959632   0.03501681  0.43780882]\n",
      " [ 0.4959632  10.10868924  0.58494463  0.10370029]\n",
      " [ 0.03501681  0.58494463 10.12920659  0.54272473]\n",
      " [ 0.43780882  0.10370029  0.54272473  9.9044071 ]]\n"
     ]
    }
   ],
   "source": [
    "EstimSigma = np.cov(X)\n",
    "EstimTheta =  np.linalg.inv(EstimSigma)\n",
    "print(\"This is the sample covariance matrix is  \\n\", EstimSigma)\n",
    "print(\"This is the estimated precision matrix is  \\n\", EstimTheta)"
   ]
  },
  {
   "cell_type": "markdown",
   "id": "30dadccc-38b9-46f1-b589-3854b35a4f66",
   "metadata": {},
   "source": [
    "We will now compute the maximum likelihood estimator by maximizing the equivalent version of the loglikelihood function defined on Chapter 2"
   ]
  },
  {
   "cell_type": "code",
   "execution_count": 6,
   "id": "4eea44c7-13c0-4763-ae42-5028c492fab8",
   "metadata": {},
   "outputs": [
    {
     "name": "stdout",
     "output_type": "stream",
     "text": [
      "The maximum likelihood estimator of the precision matrix is given by \n",
      " [[10.03354921  0.49591092  0.03484018  0.43801696]\n",
      " [ 0.49591092 10.10870391  0.58509876  0.10358512]\n",
      " [ 0.03484018  0.58509876 10.12922799  0.54271461]\n",
      " [ 0.43801696  0.10358512  0.54271461  9.90440235]]\n"
     ]
    }
   ],
   "source": [
    "import scipy.optimize as optimize\n",
    "def construct_symmetric_matrix(Theta):\n",
    "    Theta_matrix = np.zeros((4 , 4))\n",
    "    upper_idx = np.triu_indices(4)\n",
    "    Theta_matrix[upper_idx] = Theta\n",
    "    Theta_matrix = Theta_matrix + Theta_matrix.T - np.diag(np.diag(Theta_matrix)) \n",
    "    return(Theta_matrix)\n",
    "\n",
    "def log_likelihood(Theta , EstimSigma) :\n",
    "    Theta_matrix  = construct_symmetric_matrix(Theta)\n",
    "    det_Theta = np.linalg.det(Theta_matrix) \n",
    "    if det_Theta <= 0 :\n",
    "        return -np.inf\n",
    "    product_STheta = np.matmul(EstimSigma, Theta_matrix)\n",
    "    trace_STheta =  product_STheta.trace()\n",
    "    return(np.log(det_Theta) - trace_STheta)\n",
    "\n",
    "initial_guess = [4 , 1 , 0.5 , 0.2 , 3 , 0.3 , 0.1 , 2 , 0.4 , 1.5]\n",
    "random.seed(7)\n",
    "result = optimize.minimize(lambda x: -log_likelihood(x , EstimSigma) , np.array(initial_guess) ).x\n",
    "mle =  construct_symmetric_matrix(result)\n",
    "print(\"The maximum likelihood estimator of the precision matrix is given by \\n\", mle)"
   ]
  },
  {
   "cell_type": "markdown",
   "id": "ad0ea8b9-11d4-4c52-80c6-1a7e03172c56",
   "metadata": {},
   "source": [
    "Note that even with a larger sample size, the estimates $\\hat{\\Theta}_{13}$ and $\\hat{\\Theta}_{24}$ will never be equal exactly to $0$. This is illustrated on the following code with smaple size going from $10^2$ to $10^6$."
   ]
  },
  {
   "cell_type": "code",
   "execution_count": 9,
   "id": "9700bc0c-e1cf-4bb7-9e7c-c4bb8d824aca",
   "metadata": {},
   "outputs": [
    {
     "name": "stdout",
     "output_type": "stream",
     "text": [
      "[    100    1000   10000  100000 1000000]\n",
      "With sample size N =  100 , the maximum likelihood estimator of the precision matrix is given by \n",
      " [[11.45020123  0.90636239 -0.34762544 -1.41623308]\n",
      " [ 0.90636239  8.55222269 -1.10410326 -0.96673037]\n",
      " [-0.34762544 -1.10410326 11.34535961  2.30935492]\n",
      " [-1.41623308 -0.96673037  2.30935492 10.63835465]]\n",
      "With sample size N =  1000 , the maximum likelihood estimator of the precision matrix is given by \n",
      " [[10.06569805  1.04907303  0.51052225  0.56729925]\n",
      " [ 1.04907303 10.5589906   0.91844138  0.31454863]\n",
      " [ 0.51052225  0.91844138  9.33619215  0.46441708]\n",
      " [ 0.56729925  0.31454863  0.46441708  9.69233254]]\n",
      "With sample size N =  10000 , the maximum likelihood estimator of the precision matrix is given by \n",
      " [[ 9.78236191  0.55471038  0.01233441  0.61516589]\n",
      " [ 0.55471038 10.10584601  0.26308159 -0.05726975]\n",
      " [ 0.01233441  0.26308159  9.93334117  0.62587329]\n",
      " [ 0.61516589 -0.05726975  0.62587329  9.94711745]]\n",
      "With sample size N =  100000 , the maximum likelihood estimator of the precision matrix is given by \n",
      " [[ 9.99128587  0.41697288 -0.01570877  0.49915835]\n",
      " [ 0.41697288  9.98392255  0.51006573 -0.02988168]\n",
      " [-0.01570877  0.51006573 10.0167303   0.54904433]\n",
      " [ 0.49915835 -0.02988168  0.54904433 10.01549344]]\n",
      "With sample size N =  1000000 , the maximum likelihood estimator of the precision matrix is given by \n",
      " [[ 1.00050001e+01  5.23426965e-01 -1.23631032e-02  4.99563474e-01]\n",
      " [ 5.23426965e-01  1.00015560e+01  5.08107127e-01 -9.31684191e-04]\n",
      " [-1.23631032e-02  5.08107127e-01  1.00112530e+01  4.99505333e-01]\n",
      " [ 4.99563474e-01 -9.31684191e-04  4.99505333e-01  9.99360109e+00]]\n"
     ]
    }
   ],
   "source": [
    "power = np.arange(2 , 7 , 1)\n",
    "size = []\n",
    "for p in power:\n",
    "    size.append(pow(10 , p))\n",
    "size = np.array(size)    \n",
    "print(size)\n",
    "\n",
    "def main(N):\n",
    "    random.seed(7)\n",
    "    X = np.random.multivariate_normal(mean ,Sigma , N)\n",
    "    X = np.transpose(X)\n",
    "    EstimSigmaN = np.cov(X)\n",
    "    result = optimize.minimize(lambda x: -log_likelihood(x , EstimSigmaN) , np.array(initial_guess) ).x\n",
    "    mle =  construct_symmetric_matrix(result)\n",
    "    print(\"With sample size N = \", N, \", the maximum likelihood estimator of the precision matrix is given by \\n\", mle)\n",
    "\n",
    "for N in size:\n",
    "    main(N)"
   ]
  },
  {
   "cell_type": "code",
   "execution_count": null,
   "id": "27e37e3e-5e2a-41b8-8727-7371e0457080",
   "metadata": {},
   "outputs": [],
   "source": []
  }
 ],
 "metadata": {
  "kernelspec": {
   "display_name": "Python 3 (Spyder)",
   "language": "python3",
   "name": "python3"
  },
  "language_info": {
   "codemirror_mode": {
    "name": "ipython",
    "version": 3
   },
   "file_extension": ".py",
   "mimetype": "text/x-python",
   "name": "python",
   "nbconvert_exporter": "python",
   "pygments_lexer": "ipython3",
   "version": "3.13.5"
  }
 },
 "nbformat": 4,
 "nbformat_minor": 5
}
