{
 "cells": [
  {
   "cell_type": "markdown",
   "id": "d8685d2b",
   "metadata": {},
   "source": [
    "# Gaussian Graphical Model on a 4‑Cycle\n",
    "This notebook simulates a 4‑dimensional Gaussian random vector whose precision matrix corresponds to the cyclic graph 1–2–3–4–1.\n",
    "We verify conditional independence structure and estimate covariance/precision matrices.\n",
    "\n",
    "-We consider the following precision matrix \n",
    "\n",
    "\n",
    "$$\n",
    "\\begin{pmatrix}\n",
    "10 & 5 & 0 &3\\\\\n",
    "5 & 10 & 5 &0\\\\\n",
    "0 & 5 & 10 &5\\\\\n",
    "3 & 0 & 5 & 10\\\\\n",
    "\\end{pmatrix}.\n",
    "$$"
   ]
  },
  {
   "cell_type": "markdown",
   "id": "65abaf61",
   "metadata": {},
   "source": [
    "## 1. Define the graph and precision matrix"
   ]
  },
  {
   "cell_type": "code",
   "execution_count": 9,
   "id": "9efbb1a2",
   "metadata": {},
   "outputs": [
    {
     "data": {
      "text/plain": [
       "array([[ 0.29411765, -0.26470588,  0.23529412, -0.20588235],\n",
       "       [-0.26470588,  0.38823529, -0.31176471,  0.23529412],\n",
       "       [ 0.23529412, -0.31176471,  0.38823529, -0.26470588],\n",
       "       [-0.20588235,  0.23529412, -0.26470588,  0.29411765]])"
      ]
     },
     "execution_count": 9,
     "metadata": {},
     "output_type": "execute_result"
    }
   ],
   "source": [
    "import numpy as np\n",
    "import pandas as pd\n",
    "\n",
    "d = 4\n",
    "Theta = np.array([\n",
    "    [10,  5,  0,  3],\n",
    "    [ 5, 10,  5,  0],\n",
    "    [ 0,  5, 10,  5],\n",
    "    [ 3,  0,  5, 10]\n",
    "])\n",
    "Sigma = np.linalg.inv(Theta)\n",
    "Sigma"
   ]
  },
  {
   "cell_type": "markdown",
   "id": "ef7ea673",
   "metadata": {},
   "source": [
    "## 2. Simulate Gaussian sample\n",
    "\n",
    "We simulate a large sample from the multivariate normal distribution with covariance matrix $\\Sigma = \\Theta^{-1}$"
   ]
  },
  {
   "cell_type": "code",
   "execution_count": 10,
   "id": "eac849ba",
   "metadata": {},
   "outputs": [
    {
     "data": {
      "text/plain": [
       "array([[ 0.45807124, -0.33909788,  0.58144707, -0.70324022],\n",
       "       [ 0.10057896,  0.07218014,  0.19295134,  0.16697862],\n",
       "       [-0.0913466 ,  0.89910805, -0.32482867,  0.43996053],\n",
       "       [-0.24195046,  0.47259962, -0.83097377,  0.20010532],\n",
       "       [ 0.32726198, -0.54604308,  1.25448694, -0.40347625]])"
      ]
     },
     "execution_count": 10,
     "metadata": {},
     "output_type": "execute_result"
    }
   ],
   "source": [
    "N = 10**6\n",
    "mean = np.zeros(d)\n",
    "X = np.random.multivariate_normal(mean, Sigma, size=N)\n",
    "X[:5]"
   ]
  },
  {
   "cell_type": "markdown",
   "id": "046fd920",
   "metadata": {},
   "source": [
    "## 4. Estimate covariance and precision"
   ]
  },
  {
   "cell_type": "code",
   "execution_count": 11,
   "id": "48a6ed97",
   "metadata": {},
   "outputs": [
    {
     "name": "stdout",
     "output_type": "stream",
     "text": [
      "This is the estimated precision matrix obtained by first estimating the sample covariance matrix and then inverting it:\n",
      "\n",
      "[[ 1.00068077e+01  4.99899934e+00 -1.42978274e-03  3.00381078e+00]\n",
      " [ 4.99899934e+00  9.99757935e+00  5.00950823e+00  1.69910246e-02]\n",
      " [-1.42978274e-03  5.00950823e+00  1.00301190e+01  5.02326262e+00]\n",
      " [ 3.00381078e+00  1.69910246e-02  5.02326262e+00  1.00098996e+01]]\n"
     ]
    }
   ],
   "source": [
    "EstimSigma = np.cov(X, rowvar=False)\n",
    "EstimTheta = np.linalg.inv(EstimSigma)\n",
    "print(\"This is the estimated precision matrix obtained by first estimating the sample covariance matrix and then inverting it:\\n\")\n",
    "print(EstimTheta)\n"
   ]
  },
  {
   "cell_type": "markdown",
   "id": "92ecaa2a",
   "metadata": {},
   "source": [
    "## 5. Maximum-likelihood estimation\n",
    "\n",
    "We parameterize $\\Theta$ using only the **upper triangular entries**. We then implement the log-Likelihood function:\n",
    "\n",
    "$$\n",
    "L(\\Theta) =  \\log \\det(\\Theta) - trace (S \\cdot \\Theta), \n",
    "$$\n",
    "where $S$ is the MLE covariance matrix.\n"
   ]
  },
  {
   "cell_type": "code",
   "execution_count": 13,
   "id": "68d16098",
   "metadata": {},
   "outputs": [
    {
     "name": "stdout",
     "output_type": "stream",
     "text": [
      "This is the estimated precision matrix obtained by maximizing the log-likelihood function:\n",
      "\n",
      "[[ 1.00066346e+01  4.99900257e+00 -1.20809375e-03  3.00391926e+00]\n",
      " [ 4.99900257e+00  9.99744528e+00  5.00968909e+00  1.73645957e-02]\n",
      " [-1.20809375e-03  5.00968909e+00  1.00301148e+01  5.02325542e+00]\n",
      " [ 3.00391926e+00  1.73645957e-02  5.02325542e+00  1.00095328e+01]]\n"
     ]
    },
    {
     "name": "stderr",
     "output_type": "stream",
     "text": [
      "C:\\Users\\20254817\\AppData\\Local\\anaconda3\\Lib\\site-packages\\scipy\\optimize\\_numdiff.py:596: RuntimeWarning: invalid value encountered in subtract\n",
      "  df = fun(x1) - f0\n"
     ]
    }
   ],
   "source": [
    "from scipy.optimize import minimize\n",
    "\n",
    "def construct_symmetric_matrix(theta_vec):\n",
    "    Theta_mat = np.zeros((d, d))\n",
    "    idx = np.triu_indices(d)\n",
    "    Theta_mat[idx] = theta_vec\n",
    "    Theta_mat = Theta_mat + Theta_mat.T - np.diag(np.diag(Theta_mat))\n",
    "    return Theta_mat\n",
    "\n",
    "def log_likelihood(theta_vec, S):\n",
    "    Theta_mat = construct_symmetric_matrix(theta_vec)\n",
    "    det = np.linalg.det(Theta_mat)\n",
    "    if det <= 0:\n",
    "        return -np.inf\n",
    "    return np.log(det) - np.trace(S @ Theta_mat)\n",
    "\n",
    "\n",
    "\n",
    "A = np.random.randn(d, d)\n",
    "Theta0 = A @ A.T + d * np.eye(d)\n",
    "theta0_vec = Theta0[np.triu_indices(d)]\n",
    "\n",
    "\n",
    "\n",
    "\n",
    "res = minimize(lambda t: -log_likelihood(t, EstimSigma),\n",
    "               theta0_vec)\n",
    "\n",
    "Theta_MLE = construct_symmetric_matrix(res.x)\n",
    "print(\"This is the estimated precision matrix obtained by maximizing the log-likelihood function:\\n\")\n",
    "print(Theta_MLE)\n"
   ]
  },
  {
   "cell_type": "markdown",
   "id": "636ab3a0-1af5-4a7c-b939-43c899dfdbf2",
   "metadata": {},
   "source": [
    "## 6. Conclusion\n",
    "\n",
    "- We simulated a Gaussian vector respecting a graph structure  \n",
    "- We estimated covariance and precision matrices  \n",
    "- We computed the **MLE precision matrix** and compare it with the inverse of the sample coavriance matrix \n",
    "- The MLE recovers the original sparsity pattern of the graph\n",
    "\n",
    "This provides a full demonstration of how Gaussian graphical models behave in practice.\n"
   ]
  }
 ],
 "metadata": {
  "kernelspec": {
   "display_name": "Python [conda env:base] *",
   "language": "python",
   "name": "conda-base-py"
  },
  "language_info": {
   "codemirror_mode": {
    "name": "ipython",
    "version": 3
   },
   "file_extension": ".py",
   "mimetype": "text/x-python",
   "name": "python",
   "nbconvert_exporter": "python",
   "pygments_lexer": "ipython3",
   "version": "3.13.5"
  }
 },
 "nbformat": 4,
 "nbformat_minor": 5
}
