{
 "cells": [
  {
   "cell_type": "markdown",
   "id": "f9ba2197",
   "metadata": {},
   "source": [
    "# Gaussian Graphical Models – Example Notebook\n",
    "This notebook demonstrates how to compute covariance, precision, correlation, and scaled inverse correlation matrices for the math grades dataset."
   ]
  },
  {
   "cell_type": "code",
   "execution_count": 3,
   "id": "feb35906",
   "metadata": {},
   "outputs": [
    {
     "data": {
      "text/plain": [
       "(88, 5)"
      ]
     },
     "execution_count": 3,
     "metadata": {},
     "output_type": "execute_result"
    }
   ],
   "source": [
    "import pandas\n",
    "import numpy as np\n",
    "\n",
    "# Load the dataset (adjust path as needed)\n",
    "df = pandas.read_csv('data/mathmarks.csv')\n",
    "\n",
    "# Inspect the shape of the dataset\n",
    "print(df)\n",
    "\n"
   ]
  },
  {
   "cell_type": "markdown",
   "id": "120538c1",
   "metadata": {},
   "source": [
    "## Convert to NumPy and Compute Covariance Matrix"
   ]
  },
  {
   "cell_type": "code",
   "execution_count": 14,
   "id": "20bfdc13",
   "metadata": {},
   "outputs": [
    {
     "name": "stdout",
     "output_type": "stream",
     "text": [
      "[[305.76802508 127.22257053 101.57941484 106.27272727 117.40491118]\n",
      " [127.22257053 172.84221526  85.15726228  94.67293626  99.01201672]\n",
      " [101.57941484  85.15726228 112.88597179 112.11337513 121.87055904]\n",
      " [106.27272727  94.67293626 112.11337513 220.38035528 155.53552769]\n",
      " [117.40491118  99.01201672 121.87055904 155.53552769 297.75535528]]\n"
     ]
    }
   ],
   "source": [
    "# Convert to NumPy and transpose\n",
    "matrix = df.to_numpy().T\n",
    "\n",
    "# Covariance matrix\n",
    "cov_mat = np.cov(matrix)\n",
    "print(cov_mat)"
   ]
  },
  {
   "cell_type": "markdown",
   "id": "e3845699",
   "metadata": {},
   "source": [
    "## Precision Matrix"
   ]
  },
  {
   "cell_type": "code",
   "execution_count": 15,
   "id": "b881ded3",
   "metadata": {},
   "outputs": [
    {
     "name": "stdout",
     "output_type": "stream",
     "text": [
      "[[ 5.24459206e+00 -2.43505307e+00 -2.73950567e+00  1.15833214e-02\n",
      "  -1.42996187e-01]\n",
      " [-2.43505307e+00  1.04268466e+01 -4.70784402e+00 -7.92837781e-01\n",
      "  -1.66021835e-01]\n",
      " [-2.73950567e+00 -4.70784402e+00  2.69548160e+01 -7.04855874e+00\n",
      "  -4.70497883e+00]\n",
      " [ 1.15833214e-02 -7.92837781e-01 -7.04855874e+00  9.88292207e+00\n",
      "  -2.01841265e+00]\n",
      " [-1.42996187e-01 -1.66021835e-01 -4.70497883e+00 -2.01841265e+00\n",
      "   6.45012711e+00]]\n"
     ]
    }
   ],
   "source": [
    "precision_mat = np.linalg.inv(cov_mat) * 1000\n",
    "print(precision_mat)"
   ]
  }
 ],
 "metadata": {
  "kernelspec": {
   "display_name": "Python [conda env:base] *",
   "language": "python",
   "name": "conda-base-py"
  },
  "language_info": {
   "codemirror_mode": {
    "name": "ipython",
    "version": 3
   },
   "file_extension": ".py",
   "mimetype": "text/x-python",
   "name": "python",
   "nbconvert_exporter": "python",
   "pygments_lexer": "ipython3",
   "version": "3.13.5"
  }
 },
 "nbformat": 4,
 "nbformat_minor": 5
}
