{
 "cells": [
  {
   "cell_type": "code",
   "execution_count": null,
   "id": "27373fb0-ac2e-41b4-af2c-c50fc3d3a4de",
   "metadata": {},
   "outputs": [],
   "source": [
    "Consider the square cyclic graph 1--2--3--4--1."
   ]
  },
  {
   "cell_type": "markdown",
   "id": "ac8593d4-88f4-4829-a019-799d77e3e651",
   "metadata": {},
   "source": [
    "A precision matrix that satisfies this structure is given by\n",
    "$$ \\Theta = \n",
    "\\begin{pmatrix}\n",
    "1 & 0.5 & 0 & 0.5 \\\\\n",
    "0.5 & 1 & 0.5 & 0 \\\\\n",
    "0 & 0.5 & 1 & 0.5 \\\\\n",
    "0.5 & 0 & 0.5 & 1 \n",
    "\\end{pmatrix}\n",
    ".\n",
    "$$\n"
   ]
  },
  {
   "cell_type": "code",
   "execution_count": 82,
   "id": "6473e44c-f702-49fa-9047-0be0ca46677f",
   "metadata": {},
   "outputs": [],
   "source": [
    "import pandas as pd\n",
    "import numpy as np \n",
    "d = 4\n",
    "Theta = np.matrix([\n",
    "[10 , 5  , 0 , 3],\n",
    "[5 , 10 , 5 , 0 ],\n",
    "[0 , 5 , 10 , 5],\n",
    "[3 , 0 , 5 , 10]\n",
    "])\n",
    "\n"
   ]
  },
  {
   "cell_type": "code",
   "execution_count": 83,
   "id": "d96d1887-0b23-4ec4-90f7-8eccb7da4344",
   "metadata": {},
   "outputs": [
    {
     "name": "stdout",
     "output_type": "stream",
     "text": [
      "This is the true covariance matrix  \n",
      " [[ 0.29411765 -0.26470588  0.23529412 -0.20588235]\n",
      " [-0.26470588  0.38823529 -0.31176471  0.23529412]\n",
      " [ 0.23529412 -0.31176471  0.38823529 -0.26470588]\n",
      " [-0.20588235  0.23529412 -0.26470588  0.29411765]]\n"
     ]
    }
   ],
   "source": [
    "Sigma = np.linalg.inv(Theta) \n",
    "print(\"This is the true covariance matrix  \\n\", Sigma)"
   ]
  },
  {
   "cell_type": "markdown",
   "id": "8e970608-f2d9-4bcc-b9a3-0ffcc3a0a14b",
   "metadata": {},
   "source": [
    "Using the function \"random.multivariate_normal()\" from the package \"numpy\", we generate a sample of size $N = 10^5$ from a centered Guassian distribution with covariance matrix $\\Sigma$.  "
   ]
  },
  {
   "cell_type": "code",
   "execution_count": 84,
   "id": "23ba5cbe-e245-41d1-a437-0b0b97980254",
   "metadata": {},
   "outputs": [],
   "source": [
    "N = 10**6\n",
    "d = 4\n",
    "mean = np.zeros(d)\n",
    "X = np.random.multivariate_normal(mean = mean , cov = Sigma , size = N)"
   ]
  },
  {
   "cell_type": "markdown",
   "id": "661e59f3-8680-42b1-8f00-d7f796e93848",
   "metadata": {},
   "source": [
    "We standardize the margins of $X$ to have unit variance using $X_{ij} / \\sqrt{\\Sigma_{jj}}$, for $i=1,\\ldots , n$ and $j =1,\\ldots , 4 $."
   ]
  },
  {
   "cell_type": "code",
   "execution_count": 85,
   "id": "ef7381bc-d2f2-47f6-abba-c9ec0d61f6a3",
   "metadata": {},
   "outputs": [],
   "source": [
    "####To calculate the covariance matrix using np.cov, we need to reshape X into a matrix where each row represnets a variable and each column a single observation\n",
    "diag_Sigma = np.diag(Sigma)\n",
    "def stand(x):\n",
    "    x = x / pow(diag_Sigma , 0.5)\n",
    "    return x\n",
    "X = np.apply_along_axis(stand, axis=1, arr = X)\n"
   ]
  },
  {
   "cell_type": "code",
   "execution_count": 86,
   "id": "caef0159-b975-46a9-acc9-294e1f95147c",
   "metadata": {},
   "outputs": [
    {
     "name": "stdout",
     "output_type": "stream",
     "text": [
      "The estimated covariance  matrix is  \n",
      " [[ 1.00102026 -0.78298549  0.69654213 -0.70141161]\n",
      " [-0.78298549  0.99852732 -0.80193662  0.69697065]\n",
      " [ 0.69654213 -0.80193662  0.99933542 -0.78396428]\n",
      " [-0.70141161  0.69697065 -0.78396428  1.00215608]]\n",
      "The estimated precision matrix is  \n",
      " [[ 2.93663035  1.68497448 -0.00416643  0.88024466]\n",
      " [ 1.68497448  3.88138984  1.9356875  -0.00583171]\n",
      " [-0.00416643  1.9356875   3.87903243  1.68534936]\n",
      " [ 0.88024466 -0.00583171  1.68534936  2.93640094]]\n"
     ]
    }
   ],
   "source": [
    "EstimSigma = np.cov(np.matrix.transpose(X) )\n",
    "print(\"The estimated covariance  matrix is  \\n\", EstimSigma)\n",
    "EstimTheta =  np.linalg.inv(EstimSigma)\n",
    "print(\"The estimated precision matrix is  \\n\", EstimTheta)"
   ]
  },
  {
   "cell_type": "code",
   "execution_count": 87,
   "id": "23308266-2338-4d3d-be53-25b1815d479d",
   "metadata": {},
   "outputs": [],
   "source": [
    "from sklearn.covariance import EmpiricalCovariance"
   ]
  },
  {
   "cell_type": "code",
   "execution_count": 88,
   "id": "e4d78067-2913-434e-9b21-bee12dc349aa",
   "metadata": {},
   "outputs": [],
   "source": [
    "d = 4\n",
    "def construct_symmetric_matrix(Theta):\n",
    "    Theta_matrix = np.zeros((d , d))\n",
    "    upper_idx = np.triu_indices(d)\n",
    "    Theta_matrix[upper_idx] = Theta\n",
    "    Theta_matrix = Theta_matrix + Theta_matrix.T - np.diag(np.diag(Theta_matrix)) \n",
    "    return(Theta_matrix)\n",
    "\n",
    "def log_likelihood(Theta , EstimSigma) :\n",
    "    Theta_matrix  = construct_symmetric_matrix(Theta)\n",
    "    det_Theta = np.linalg.det(Theta_matrix) \n",
    "    if det_Theta <= 0 :  ##To esnore that the matrix is positive definite\n",
    "        return -np.inf\n",
    "    product_STheta = np.matmul(EstimSigma, Theta_matrix)\n",
    "    trace_STheta =  product_STheta.trace()\n",
    "    return(np.log(det_Theta) - trace_STheta  )\n",
    "\n",
    "    \n",
    "\n",
    "    "
   ]
  },
  {
   "cell_type": "code",
   "execution_count": 89,
   "id": "74df0646-86cd-4ad3-a7cd-3d65f96f8f96",
   "metadata": {},
   "outputs": [
    {
     "name": "stdout",
     "output_type": "stream",
     "text": [
      "The maximum likelihood estimator of the precision matrix is given by \n",
      " [[ 2.93663374  1.68497188 -0.00417546  0.88024678]\n",
      " [ 1.68497188  3.88139311  1.93568766 -0.00583268]\n",
      " [-0.00417546  1.93568766  3.87903518  1.68534547]\n",
      " [ 0.88024678 -0.00583268  1.68534547  2.93640055]]\n"
     ]
    },
    {
     "name": "stderr",
     "output_type": "stream",
     "text": [
      "C:\\Users\\20254817\\AppData\\Local\\anaconda3\\Lib\\site-packages\\scipy\\optimize\\_numdiff.py:596: RuntimeWarning: invalid value encountered in subtract\n",
      "  df = fun(x1) - f0\n",
      "C:\\Users\\20254817\\AppData\\Local\\anaconda3\\Lib\\site-packages\\scipy\\optimize\\_numdiff.py:596: RuntimeWarning: invalid value encountered in subtract\n",
      "  df = fun(x1) - f0\n",
      "C:\\Users\\20254817\\AppData\\Local\\anaconda3\\Lib\\site-packages\\scipy\\optimize\\_numdiff.py:596: RuntimeWarning: invalid value encountered in subtract\n",
      "  df = fun(x1) - f0\n"
     ]
    }
   ],
   "source": [
    "import random\n",
    "A = np.random.randn(d, d)\n",
    "initial_Theta_matrix = np.dot(A, A.T) + d * np.eye(d) \n",
    "\n",
    "# Convert to upper-triangular vector form\n",
    "upper_idx = np.triu_indices(d)\n",
    "initial_guess = initial_Theta_matrix [upper_idx]\n",
    "random.seed(7)\n",
    "from scipy.optimize import minimize\n",
    "result = minimize(lambda x: -log_likelihood(x , EstimSigma ) , np.array(initial_guess) ).x\n",
    "mle =  construct_symmetric_matrix(result)\n",
    "print(\"The maximum likelihood estimator of the precision matrix is given by \\n\", mle)    "
   ]
  },
  {
   "cell_type": "code",
   "execution_count": null,
   "id": "914f5a79-cbb3-4085-99af-d30600d92546",
   "metadata": {},
   "outputs": [],
   "source": []
  },
  {
   "cell_type": "code",
   "execution_count": null,
   "id": "d4119cbd-4a75-43b0-87a7-48d80041d9fd",
   "metadata": {},
   "outputs": [],
   "source": []
  }
 ],
 "metadata": {
  "kernelspec": {
   "display_name": "Python [conda env:base] *",
   "language": "python",
   "name": "conda-base-py"
  },
  "language_info": {
   "codemirror_mode": {
    "name": "ipython",
    "version": 3
   },
   "file_extension": ".py",
   "mimetype": "text/x-python",
   "name": "python",
   "nbconvert_exporter": "python",
   "pygments_lexer": "ipython3",
   "version": "3.13.5"
  }
 },
 "nbformat": 4,
 "nbformat_minor": 5
}
