{
 "cells": [
  {
   "cell_type": "markdown",
   "id": "7a11c0d3-f379-496d-abbe-9007524c4607",
   "metadata": {},
   "source": [
    "# Graphical Lasso Demonstration\n",
    "This notebook performs the Graphical Lasso on a 4‑dimensional Gaussian random vector whose precision matrix corresponds to the $4$-dimensional graph with two cliques $\\{1,2,3\\}$ and $\\{2 , 3 , 4\\}$. The estimation is performed using:\n",
    "\n",
    "1. **`graphical_lasso()`** from `sklearn.covariance`\n",
    "2. A **custom implementation** solved using the **BFGS algorithm** from `scipy.optimize.minimize`"
   ]
  },
  {
   "cell_type": "markdown",
   "id": "27426075-eb1a-4fd8-b5b1-ba5297ac292f",
   "metadata": {},
   "source": [
    "## 1. Define the graph and precision matrix"
   ]
  },
  {
   "cell_type": "code",
   "execution_count": 2,
   "id": "88bf8723-ec41-4302-af3e-1dc0c527ecae",
   "metadata": {},
   "outputs": [],
   "source": [
    "import numpy as np\n",
    "import pandas as pd\n",
    "\n",
    "d = 4\n",
    "Theta = np.array([\n",
    "    [10,  5,  3, 0],\n",
    "    [ 5, 10,  5,  3],\n",
    "    [ 3,  5, 10 ,   5],\n",
    "    [ 0,  3,  5, 10]\n",
    "])\n",
    "Sigma = np.linalg.inv(Theta)"
   ]
  },
  {
   "cell_type": "markdown",
   "id": "eee47caa-f5b1-4333-ab39-c0827e7baffb",
   "metadata": {},
   "source": [
    "## 2. Simulate Gaussian sample"
   ]
  },
  {
   "cell_type": "code",
   "execution_count": 3,
   "id": "0efbba68-bea8-429c-a31a-a4140fa984e4",
   "metadata": {},
   "outputs": [
    {
     "data": {
      "text/plain": [
       "array([[-0.53274701,  0.5446556 ,  0.26798988,  0.04266654],\n",
       "       [-0.51537347,  0.35664356, -0.53043563,  0.27262741],\n",
       "       [-0.11865952,  0.20423333, -0.3948728 ,  0.25670029],\n",
       "       [ 0.47128843,  0.12282179,  0.01615884, -0.27790905],\n",
       "       [ 0.1053907 ,  0.74283541, -0.84379602,  0.6283181 ]])"
      ]
     },
     "execution_count": 3,
     "metadata": {},
     "output_type": "execute_result"
    }
   ],
   "source": [
    "import random \n",
    "random.seed(7)\n",
    "N = 10**4\n",
    "mean = np.zeros(d)\n",
    "X = np.random.multivariate_normal(mean, Sigma, size=N)\n",
    "X[:5]"
   ]
  },
  {
   "cell_type": "code",
   "execution_count": 4,
   "id": "68c85f71-11b8-418d-a436-d9a320f5b6fb",
   "metadata": {},
   "outputs": [
    {
     "data": {
      "text/plain": [
       "array([[ 0.13890933, -0.06614635, -0.02377938,  0.03090371],\n",
       "       [-0.06614635,  0.16828787, -0.04864596, -0.02568926],\n",
       "       [-0.02377938, -0.04864596,  0.16493697, -0.06774859],\n",
       "       [ 0.03090371, -0.02568926, -0.06774859,  0.1425727 ]])"
      ]
     },
     "execution_count": 4,
     "metadata": {},
     "output_type": "execute_result"
    }
   ],
   "source": [
    "EstimSigma = np.cov(X, rowvar=False)\n",
    "EstimSigma"
   ]
  },
  {
   "cell_type": "markdown",
   "id": "a5e15f7c-c820-4c9a-b413-7eb7f1ebc5c3",
   "metadata": {},
   "source": [
    "## 3. Graphical Lasso Using `sklearn.covariance.graphical_lasso`\n",
    "The `graphical_lasso()` function solves the penalized likelihood problem\n",
    "\n",
    "$$\n",
    "argmax_\\Theta \\; \\log\\det(\\Theta) - \\operatorname{tr}(S\\Theta) - \\lambda \\|\\Theta\\|_1\n",
    "$$\n",
    "\n",
    "where:\n",
    "- **S** is the sample covariance matrix\n",
    "- **λ** controls the sparsity of the solution\n",
    "- The algorithm used is the **GLasso algorithm** from Friedman et al. (2008, *Biostatistics*)\n"
   ]
  },
  {
   "cell_type": "code",
   "execution_count": 5,
   "id": "0e78ee02-193e-44d2-ace9-b54cee1a790f",
   "metadata": {},
   "outputs": [
    {
     "name": "stdout",
     "output_type": "stream",
     "text": [
      "Precision matrix (Theta):\n",
      " [[9.91176188 4.70768852 2.81995921 0.02754669]\n",
      " [4.70768852 9.59054648 4.69930343 2.92733108]\n",
      " [2.81995921 4.69930343 9.86522135 4.91110151]\n",
      " [0.02754669 2.92733108 4.91110151 9.86362237]]\n",
      "Covariance matrix (Sigma):\n",
      " [[ 0.13890933 -0.06604655 -0.02368001  0.03100368]\n",
      " [-0.06604655  0.16828787 -0.04854583 -0.02558912]\n",
      " [-0.02368001 -0.04854583  0.16493697 -0.06764859]\n",
      " [ 0.03100368 -0.02558912 -0.06764859  0.1425727 ]]\n"
     ]
    }
   ],
   "source": [
    "from sklearn.covariance import  graphical_lasso\n",
    "\n",
    "covariance , precision = graphical_lasso(EstimSigma , alpha=    pow(10 , -4))\n",
    "\n",
    "print(\"Precision matrix (Theta):\\n\", precision)\n",
    "print(\"Covariance matrix (Sigma):\\n\", covariance)"
   ]
  },
  {
   "cell_type": "markdown",
   "id": "9a08725a-7a0f-4b80-991e-81698a0f26fa",
   "metadata": {},
   "source": [
    "## 4. Graphical Lasso Using a Custom Optimization Function\n",
    "We now solve the **same optimization problem** using the **BFGS** algorithm."
   ]
  },
  {
   "cell_type": "code",
   "execution_count": 6,
   "id": "1f485950-028c-45a9-b6c1-c9a023264eee",
   "metadata": {},
   "outputs": [
    {
     "data": {
      "text/plain": [
       "array([[9.91194047, 4.70775495, 2.81993817, 0.0278421 ],\n",
       "       [4.70775495, 9.59049557, 4.69911941, 2.92746649],\n",
       "       [2.81993817, 4.69911941, 9.86480856, 4.9110936 ],\n",
       "       [0.0278421 , 2.92746649, 4.9110936 , 9.86369504]])"
      ]
     },
     "execution_count": 6,
     "metadata": {},
     "output_type": "execute_result"
    }
   ],
   "source": [
    "from scipy.optimize import minimize\n",
    "### Helper: Build a Symmetric Matrix from a Vector\n",
    "def construct_symmetric_matrix(theta_vec):\n",
    "    Theta_mat = np.zeros((d, d))\n",
    "    idx = np.triu_indices(d)\n",
    "    Theta_mat[idx] = theta_vec\n",
    "    Theta_mat = Theta_mat + Theta_mat.T - np.diag(np.diag(Theta_mat))\n",
    "    return Theta_mat\n",
    "\n",
    "### Penalized Log-Likelihood\n",
    "def penalized_log_likelihood(theta_vec, S , lamb):\n",
    "    Theta_mat = construct_symmetric_matrix(theta_vec)\n",
    "    det = np.linalg.det(Theta_mat)\n",
    "    if det <= 0:\n",
    "        return -np.inf\n",
    "    sum_Theta = np.absolute(Theta_mat).sum()    \n",
    "    return np.log(det) - np.trace(S @ Theta_mat )  - lamb * sum_Theta + lamb * np.absolute(np.diag(Theta_mat)).sum()\n",
    "\n",
    "\n",
    "### Initial Matrix\n",
    "A = np.random.randn(d, d)\n",
    "Theta0 = A @ A.T + d * np.eye(d)\n",
    "theta0_vec = Theta0[np.triu_indices(d)]\n",
    "\n",
    "\n",
    "lamb = pow(10 , -4)\n",
    "\n",
    "### Optimization via BFGS\n",
    "\n",
    "res = minimize(lambda t: -penalized_log_likelihood(t, EstimSigma , lamb),\n",
    "               theta0_vec, \n",
    "               method = \"BFGS\"\n",
    "              )\n",
    "\n",
    "Theta_MLE = construct_symmetric_matrix(res.x)\n",
    "Theta_MLE  \n"
   ]
  },
  {
   "cell_type": "code",
   "execution_count": null,
   "id": "db418095-f555-4004-a39a-c2aa13254f0b",
   "metadata": {},
   "outputs": [],
   "source": []
  }
 ],
 "metadata": {
  "kernelspec": {
   "display_name": "Python [conda env:base] *",
   "language": "python",
   "name": "conda-base-py"
  },
  "language_info": {
   "codemirror_mode": {
    "name": "ipython",
    "version": 3
   },
   "file_extension": ".py",
   "mimetype": "text/x-python",
   "name": "python",
   "nbconvert_exporter": "python",
   "pygments_lexer": "ipython3",
   "version": "3.13.5"
  }
 },
 "nbformat": 4,
 "nbformat_minor": 5
}
