{
 "cells": [
  {
   "cell_type": "markdown",
   "id": "7a11c0d3-f379-496d-abbe-9007524c4607",
   "metadata": {},
   "source": [
    "# Graphical Lasso \n",
    "\n",
    "This notebook performs the graphical Lasso on a 4‑dimensional Gaussian random vector whose precision matrix corresponds to the cyclic graph 1–2–3–4–1. This is done using the function \\texttt{graphical_lasso()} from the \\texttt{sklearn.covariance package}. "
   ]
  },
  {
   "cell_type": "markdown",
   "id": "27426075-eb1a-4fd8-b5b1-ba5297ac292f",
   "metadata": {},
   "source": [
    "## 1. Define the graph and precision matrix"
   ]
  },
  {
   "cell_type": "code",
   "execution_count": 109,
   "id": "88bf8723-ec41-4302-af3e-1dc0c527ecae",
   "metadata": {},
   "outputs": [],
   "source": [
    "import numpy as np\n",
    "import pandas as pd\n",
    "\n",
    "d = 4\n",
    "Theta = np.array([\n",
    "    [10,  5,  3, 0],\n",
    "    [ 5, 10,  5,  3],\n",
    "    [ 3,  5, 10 ,   5],\n",
    "    [ 0,  3,  5, 10]\n",
    "])\n",
    "Sigma = np.linalg.inv(Theta)"
   ]
  },
  {
   "cell_type": "markdown",
   "id": "eee47caa-f5b1-4333-ab39-c0827e7baffb",
   "metadata": {},
   "source": [
    "## 2. Simulate Gaussian sample"
   ]
  },
  {
   "cell_type": "code",
   "execution_count": 113,
   "id": "0efbba68-bea8-429c-a31a-a4140fa984e4",
   "metadata": {},
   "outputs": [
    {
     "data": {
      "text/plain": [
       "array([[ 0.11015781,  0.16703674,  0.50972772, -0.22496872],\n",
       "       [-0.78241707,  0.78729386,  0.31046899, -0.69225289],\n",
       "       [ 0.59699797,  0.16997954, -0.80590488,  0.88558353],\n",
       "       [ 0.44502637,  0.01559842, -0.01211807, -0.43466861],\n",
       "       [-0.82791169,  0.00969305,  0.85447621, -0.53578304]])"
      ]
     },
     "execution_count": 113,
     "metadata": {},
     "output_type": "execute_result"
    }
   ],
   "source": [
    "import random \n",
    "random.seed(7)\n",
    "N = 10**4\n",
    "mean = np.zeros(d)\n",
    "X = np.random.multivariate_normal(mean, Sigma, size=N)\n",
    "X[:5]"
   ]
  },
  {
   "cell_type": "code",
   "execution_count": 114,
   "id": "68c85f71-11b8-418d-a436-d9a320f5b6fb",
   "metadata": {},
   "outputs": [
    {
     "data": {
      "text/plain": [
       "array([[ 0.14465183, -0.07114983, -0.0259412 ,  0.03480469],\n",
       "       [-0.07114983,  0.17213068, -0.05363337, -0.02605568],\n",
       "       [-0.0259412 , -0.05363337,  0.16958607, -0.06874403],\n",
       "       [ 0.03480469, -0.02605568, -0.06874403,  0.14440579]])"
      ]
     },
     "execution_count": 114,
     "metadata": {},
     "output_type": "execute_result"
    }
   ],
   "source": [
    "EstimSigma = np.cov(X, rowvar=False)\n",
    "EstimSigma"
   ]
  },
  {
   "cell_type": "markdown",
   "id": "a5e15f7c-c820-4c9a-b413-7eb7f1ebc5c3",
   "metadata": {},
   "source": [
    "## 3. Graphical Lasso using the the function graphical_lasso() from sklearn.covariance package \n",
    "\n",
    "\n",
    "Note that here, the graphical_lasso() solves \n",
    "\n",
    "$$\n",
    "\\hat{\\Theta}  = \\argmin_K (\\tr(S \\Theta ) - \\log(det \\Theta ) + \\lambda \\| \\Theta  \\|_1 ),\n",
    "$$\n",
    "\n",
    "where $S$ is the sample covariance matrix and  $\\| \\Theta  \\|_1$ is the sum of the absolute values of off-diagonal coefficients of $\\Theta. The algorithm employed to solve this problem is the GLasso algorithm, from the Friedman 2008 Biostatistics paper"
   ]
  },
  {
   "cell_type": "code",
   "execution_count": 116,
   "id": "0e78ee02-193e-44d2-ace9-b54cee1a790f",
   "metadata": {},
   "outputs": [
    {
     "name": "stdout",
     "output_type": "stream",
     "text": [
      "Precision matrix (Theta):\n",
      " [[ 9.97019004  5.08735396  3.12527101 -0.        ]\n",
      " [ 5.08735396  9.96053023  5.13685699  3.00752788]\n",
      " [ 3.12527101  5.13685699  9.98493872  4.91739007]\n",
      " [-0.          3.00752788  4.91739007  9.80301326]]\n",
      "Covariance matrix (Sigma):\n",
      " [[ 0.14465183 -0.07105008 -0.02584223  0.03476088]\n",
      " [-0.07105008  0.17213068 -0.05353317 -0.02595573]\n",
      " [-0.02584223 -0.05353317  0.16958607 -0.06864403]\n",
      " [ 0.03476088 -0.02595573 -0.06864403  0.14440579]]\n"
     ]
    }
   ],
   "source": [
    "from sklearn.covariance import  graphical_lasso\n",
    "\n",
    "covariance , precision = graphical_lasso(EstimSigma , alpha=    pow(10 , -4))\n",
    "\n",
    "print(\"Precision matrix (Theta):\\n\", precision)\n",
    "print(\"Covariance matrix (Sigma):\\n\", covariance)"
   ]
  },
  {
   "cell_type": "markdown",
   "id": "9a08725a-7a0f-4b80-991e-81698a0f26fa",
   "metadata": {},
   "source": [
    "## 4.Graphical Lasso using a predefined function \n",
    "\n",
    "We solve the same problem above but now with the \"BFGS\" algorithm used"
   ]
  },
  {
   "cell_type": "code",
   "execution_count": 137,
   "id": "1f485950-028c-45a9-b6c1-c9a023264eee",
   "metadata": {},
   "outputs": [
    {
     "data": {
      "text/plain": [
       "array([[ 9.97024419e+00,  5.08733457e+00,  3.12517700e+00,\n",
       "        -9.36530434e-09],\n",
       "       [ 5.08733457e+00,  9.96051552e+00,  5.13682838e+00,\n",
       "         3.00754761e+00],\n",
       "       [ 3.12517700e+00,  5.13682838e+00,  9.98491940e+00,\n",
       "         4.91741678e+00],\n",
       "       [-9.36530434e-09,  3.00754761e+00,  4.91741678e+00,\n",
       "         9.80303829e+00]])"
      ]
     },
     "execution_count": 137,
     "metadata": {},
     "output_type": "execute_result"
    }
   ],
   "source": [
    "from scipy.optimize import minimize\n",
    "\n",
    "def construct_symmetric_matrix(theta_vec):\n",
    "    Theta_mat = np.zeros((d, d))\n",
    "    idx = np.triu_indices(d)\n",
    "    Theta_mat[idx] = theta_vec\n",
    "    Theta_mat = Theta_mat + Theta_mat.T - np.diag(np.diag(Theta_mat))\n",
    "    return Theta_mat\n",
    "\n",
    "def penalized_log_likelihood(theta_vec, S , lamb):\n",
    "    Theta_mat = construct_symmetric_matrix(theta_vec)\n",
    "    det = np.linalg.det(Theta_mat)\n",
    "    if det <= 0:\n",
    "        return -np.inf\n",
    "    sum_Theta = np.absolute(Theta_mat).sum()    \n",
    "    return np.log(det) - np.trace(S @ Theta_mat )  - lamb * sum_Theta + lamb * np.absolute(np.diag(Theta_mat)).sum()\n",
    "\n",
    "\n",
    "A = np.random.randn(d, d)\n",
    "Theta0 = A @ A.T + d * np.eye(d)\n",
    "theta0_vec = Theta0[np.triu_indices(d)]\n",
    "\n",
    "\n",
    "lamb = pow(10 , -4)\n",
    "\n",
    "res = minimize(lambda t: -penalized_log_likelihood(t, EstimSigma , lamb),\n",
    "               theta0_vec, \n",
    "               method = \"BFGS\"\n",
    "              )\n",
    "\n",
    "Theta_MLE = construct_symmetric_matrix(res.x)\n",
    "Theta_MLE  \n"
   ]
  },
  {
   "cell_type": "code",
   "execution_count": null,
   "id": "ce7af203-b603-437e-85e2-ab6deec70018",
   "metadata": {},
   "outputs": [],
   "source": []
  },
  {
   "cell_type": "code",
   "execution_count": null,
   "id": "4222ecc7-088c-4996-8d42-5cdbe10e1359",
   "metadata": {},
   "outputs": [],
   "source": []
  }
 ],
 "metadata": {
  "kernelspec": {
   "display_name": "Python [conda env:base] *",
   "language": "python",
   "name": "conda-base-py"
  },
  "language_info": {
   "codemirror_mode": {
    "name": "ipython",
    "version": 3
   },
   "file_extension": ".py",
   "mimetype": "text/x-python",
   "name": "python",
   "nbconvert_exporter": "python",
   "pygments_lexer": "ipython3",
   "version": "3.13.5"
  }
 },
 "nbformat": 4,
 "nbformat_minor": 5
}
