{
 "cells": [
  {
   "cell_type": "code",
   "execution_count": 35,
   "id": "62eb95f5-7b12-4b13-b3de-cb0908648e32",
   "metadata": {},
   "outputs": [
    {
     "name": "stdout",
     "output_type": "stream",
     "text": [
      "Estimated covariance matrix:\n",
      " [[ 10.36349975   0.           1.77334777   5.38554254   6.93509748]\n",
      " [  0.           2.230216     0.           0.           0.        ]\n",
      " [  1.77334777   0.         202.0445       9.1080009   11.72859997]\n",
      " [  5.38554254   0.           9.1080009  244.13        35.619     ]\n",
      " [  6.93509748   0.          11.72859997  35.619       45.867475  ]]\n",
      "\n",
      "Estimated precision matrix:\n",
      " [[ 0.10735462 -0.          0.          0.         -0.01623187]\n",
      " [-0.          0.44838706 -0.          0.         -0.        ]\n",
      " [ 0.         -0.          0.00502398 -0.         -0.00128466]\n",
      " [ 0.          0.         -0.          0.00461959 -0.0035874 ]\n",
      " [-0.01623187 -0.         -0.00128466 -0.0035874   0.02737052]]\n",
      "\n",
      "Estimated cost:\n",
      " [(np.float64(40.92657566591667), np.float64(0.2380212815236924)), (np.float64(40.90922621610109), np.float64(-2.53886531798031e-08))]\n",
      "\n",
      "number of iterations:\n",
      " 2\n",
      "[ 0.10735462 -0.          0.          0.         -0.01623187  0.44838706\n",
      " -0.          0.         -0.          0.00502398 -0.         -0.00128466\n",
      "  0.00461959 -0.0035874   0.02737052]\n",
      "[[ 0.10735462  0.          0.          0.         -0.01623187]\n",
      " [ 0.          0.44838706  0.          0.          0.        ]\n",
      " [ 0.          0.          0.00502398  0.         -0.00128466]\n",
      " [ 0.          0.          0.          0.00461959 -0.0035874 ]\n",
      " [-0.01623187  0.         -0.00128466 -0.0035874   0.02737052]]\n",
      "-27.613855925994308\n"
     ]
    }
   ],
   "source": [
    "import numpy as np \n",
    "import scipy.stats\n",
    "import pandas\n",
    "import scipy.optimize as optimize\n",
    "import random\n",
    "from sklearn.datasets import make_sparse_spd_matrix\n",
    "from sklearn.covariance import empirical_covariance, graphical_lasso\n",
    "\n",
    "\n",
    "csvFile = pandas.read_csv('C:/Users/20254817/Desktop/Githib/Dependence-modeling-/data/student_exam_scores.csv')\n",
    "\n",
    "\n",
    "\n",
    "data = csvFile.to_numpy()\n",
    "data = data[: , np.arange(1,6)]\n",
    "emp_cov = empirical_covariance(data)\n",
    "#print(emp_cov)\n",
    "\n",
    "precision_mat = np.linalg.inv(emp_cov)\n",
    "#print(precision_mat)\n",
    "\n",
    "cov_, precision_, costs_ , n_iter_ = graphical_lasso(emp_cov, alpha=10 , return_costs = True , return_n_iter = True)\n",
    "\n",
    "print(\"Estimated covariance matrix:\\n\", cov_)\n",
    "print(\"\\nEstimated precision matrix:\\n\", precision_)\n",
    "print(\"\\nEstimated cost:\\n\", costs_)\n",
    "print(\"\\nnumber of iterations:\\n\", n_iter_)\n",
    "\n",
    "upper_idx = np.triu_indices(5)\n",
    "theta_matrix =  precision_[upper_idx]\n",
    "print(theta_matrix)\n",
    "\n",
    "cost = log_likelihood(theta_matrix , emp_cov , 10)\n",
    "print(cost)"
   ]
  },
  {
   "cell_type": "code",
   "execution_count": 34,
   "id": "e4ef78b0-5bef-4319-805e-8b4e55863990",
   "metadata": {},
   "outputs": [
    {
     "name": "stdout",
     "output_type": "stream",
     "text": [
      "[[ 9.21317586  1.3603011   1.00480731  1.03970905 -0.7997592 ]\n",
      " [ 1.3603011   7.30548579 -0.72090382  1.06960343 -0.45573126]\n",
      " [ 1.00480731 -0.72090382  8.00636376  0.72451825 -0.91149013]\n",
      " [ 1.03970905  1.06960343  0.72451825  5.97768745 -0.37127116]\n",
      " [-0.7997592  -0.45573126 -0.91149013 -0.37127116  7.57718524]]\n",
      "[[ 9.21317588  1.3603011   1.00480731  1.03970905 -0.7997592 ]\n",
      " [ 1.3603011   7.30548579 -0.72090382  1.06960343 -0.45573126]\n",
      " [ 1.00480731 -0.72090382  8.00636376  0.72451825 -0.91149013]\n",
      " [ 1.03970905  1.06960343  0.72451825  5.97768745 -0.37127116]\n",
      " [-0.7997592  -0.45573126 -0.91149013 -0.37127116  7.57718524]]\n",
      "[[ 9.21317586  1.36030112  1.00480731  1.03970905 -0.7997592 ]\n",
      " [ 1.36030112  7.30548579 -0.72090382  1.06960343 -0.45573126]\n",
      " [ 1.00480731 -0.72090382  8.00636376  0.72451825 -0.91149013]\n",
      " [ 1.03970905  1.06960343  0.72451825  5.97768745 -0.37127116]\n",
      " [-0.7997592  -0.45573126 -0.91149013 -0.37127116  7.57718524]]\n",
      "[[ 9.21317586  1.3603011   1.00480732  1.03970905 -0.7997592 ]\n",
      " [ 1.3603011   7.30548579 -0.72090382  1.06960343 -0.45573126]\n",
      " [ 1.00480732 -0.72090382  8.00636376  0.72451825 -0.91149013]\n",
      " [ 1.03970905  1.06960343  0.72451825  5.97768745 -0.37127116]\n",
      " [-0.7997592  -0.45573126 -0.91149013 -0.37127116  7.57718524]]\n",
      "[[ 9.21317586  1.3603011   1.00480731  1.03970907 -0.7997592 ]\n",
      " [ 1.3603011   7.30548579 -0.72090382  1.06960343 -0.45573126]\n",
      " [ 1.00480731 -0.72090382  8.00636376  0.72451825 -0.91149013]\n",
      " [ 1.03970907  1.06960343  0.72451825  5.97768745 -0.37127116]\n",
      " [-0.7997592  -0.45573126 -0.91149013 -0.37127116  7.57718524]]\n",
      "[[ 9.21317586  1.3603011   1.00480731  1.03970905 -0.79975918]\n",
      " [ 1.3603011   7.30548579 -0.72090382  1.06960343 -0.45573126]\n",
      " [ 1.00480731 -0.72090382  8.00636376  0.72451825 -0.91149013]\n",
      " [ 1.03970905  1.06960343  0.72451825  5.97768745 -0.37127116]\n",
      " [-0.79975918 -0.45573126 -0.91149013 -0.37127116  7.57718524]]\n",
      "[[ 9.21317586  1.3603011   1.00480731  1.03970905 -0.7997592 ]\n",
      " [ 1.3603011   7.30548581 -0.72090382  1.06960343 -0.45573126]\n",
      " [ 1.00480731 -0.72090382  8.00636376  0.72451825 -0.91149013]\n",
      " [ 1.03970905  1.06960343  0.72451825  5.97768745 -0.37127116]\n",
      " [-0.7997592  -0.45573126 -0.91149013 -0.37127116  7.57718524]]\n",
      "[[ 9.21317586  1.3603011   1.00480731  1.03970905 -0.7997592 ]\n",
      " [ 1.3603011   7.30548579 -0.72090381  1.06960343 -0.45573126]\n",
      " [ 1.00480731 -0.72090381  8.00636376  0.72451825 -0.91149013]\n",
      " [ 1.03970905  1.06960343  0.72451825  5.97768745 -0.37127116]\n",
      " [-0.7997592  -0.45573126 -0.91149013 -0.37127116  7.57718524]]\n",
      "[[ 9.21317586  1.3603011   1.00480731  1.03970905 -0.7997592 ]\n",
      " [ 1.3603011   7.30548579 -0.72090382  1.06960344 -0.45573126]\n",
      " [ 1.00480731 -0.72090382  8.00636376  0.72451825 -0.91149013]\n",
      " [ 1.03970905  1.06960344  0.72451825  5.97768745 -0.37127116]\n",
      " [-0.7997592  -0.45573126 -0.91149013 -0.37127116  7.57718524]]\n",
      "[[ 9.21317586  1.3603011   1.00480731  1.03970905 -0.7997592 ]\n",
      " [ 1.3603011   7.30548579 -0.72090382  1.06960343 -0.45573125]\n",
      " [ 1.00480731 -0.72090382  8.00636376  0.72451825 -0.91149013]\n",
      " [ 1.03970905  1.06960343  0.72451825  5.97768745 -0.37127116]\n",
      " [-0.7997592  -0.45573125 -0.91149013 -0.37127116  7.57718524]]\n",
      "[[ 9.21317586  1.3603011   1.00480731  1.03970905 -0.7997592 ]\n",
      " [ 1.3603011   7.30548579 -0.72090382  1.06960343 -0.45573126]\n",
      " [ 1.00480731 -0.72090382  8.00636378  0.72451825 -0.91149013]\n",
      " [ 1.03970905  1.06960343  0.72451825  5.97768745 -0.37127116]\n",
      " [-0.7997592  -0.45573126 -0.91149013 -0.37127116  7.57718524]]\n",
      "[[ 9.21317586  1.3603011   1.00480731  1.03970905 -0.7997592 ]\n",
      " [ 1.3603011   7.30548579 -0.72090382  1.06960343 -0.45573126]\n",
      " [ 1.00480731 -0.72090382  8.00636376  0.72451827 -0.91149013]\n",
      " [ 1.03970905  1.06960343  0.72451827  5.97768745 -0.37127116]\n",
      " [-0.7997592  -0.45573126 -0.91149013 -0.37127116  7.57718524]]\n",
      "[[ 9.21317586  1.3603011   1.00480731  1.03970905 -0.7997592 ]\n",
      " [ 1.3603011   7.30548579 -0.72090382  1.06960343 -0.45573126]\n",
      " [ 1.00480731 -0.72090382  8.00636376  0.72451825 -0.91149011]\n",
      " [ 1.03970905  1.06960343  0.72451825  5.97768745 -0.37127116]\n",
      " [-0.7997592  -0.45573126 -0.91149011 -0.37127116  7.57718524]]\n",
      "[[ 9.21317586  1.3603011   1.00480731  1.03970905 -0.7997592 ]\n",
      " [ 1.3603011   7.30548579 -0.72090382  1.06960343 -0.45573126]\n",
      " [ 1.00480731 -0.72090382  8.00636376  0.72451825 -0.91149013]\n",
      " [ 1.03970905  1.06960343  0.72451825  5.97768746 -0.37127116]\n",
      " [-0.7997592  -0.45573126 -0.91149013 -0.37127116  7.57718524]]\n",
      "[[ 9.21317586  1.3603011   1.00480731  1.03970905 -0.7997592 ]\n",
      " [ 1.3603011   7.30548579 -0.72090382  1.06960343 -0.45573126]\n",
      " [ 1.00480731 -0.72090382  8.00636376  0.72451825 -0.91149013]\n",
      " [ 1.03970905  1.06960343  0.72451825  5.97768745 -0.37127114]\n",
      " [-0.7997592  -0.45573126 -0.91149013 -0.37127114  7.57718524]]\n",
      "[[ 9.21317586  1.3603011   1.00480731  1.03970905 -0.7997592 ]\n",
      " [ 1.3603011   7.30548579 -0.72090382  1.06960343 -0.45573126]\n",
      " [ 1.00480731 -0.72090382  8.00636376  0.72451825 -0.91149013]\n",
      " [ 1.03970905  1.06960343  0.72451825  5.97768745 -0.37127116]\n",
      " [-0.7997592  -0.45573126 -0.91149013 -0.37127116  7.57718525]]\n",
      "[[ 9.15787507  1.30352238  0.95793355  0.96602876 -0.94684065]\n",
      " [ 1.30352238  7.27248347 -0.7754904   1.0396049  -0.52071089]\n",
      " [ 0.95793355 -0.7754904   7.42759486  0.60677538 -1.08472191]\n",
      " [ 0.96602876  1.0396049   0.60677538  5.2840987  -0.67505981]\n",
      " [-0.94684065 -0.52071089 -1.08472191 -0.67505981  7.42497152]]\n",
      "[[ 9.15787509  1.30352238  0.95793355  0.96602876 -0.94684065]\n",
      " [ 1.30352238  7.27248347 -0.7754904   1.0396049  -0.52071089]\n",
      " [ 0.95793355 -0.7754904   7.42759486  0.60677538 -1.08472191]\n",
      " [ 0.96602876  1.0396049   0.60677538  5.2840987  -0.67505981]\n",
      " [-0.94684065 -0.52071089 -1.08472191 -0.67505981  7.42497152]]\n",
      "[[ 9.15787507  1.30352239  0.95793355  0.96602876 -0.94684065]\n",
      " [ 1.30352239  7.27248347 -0.7754904   1.0396049  -0.52071089]\n",
      " [ 0.95793355 -0.7754904   7.42759486  0.60677538 -1.08472191]\n",
      " [ 0.96602876  1.0396049   0.60677538  5.2840987  -0.67505981]\n",
      " [-0.94684065 -0.52071089 -1.08472191 -0.67505981  7.42497152]]\n",
      "[[ 9.15787507  1.30352238  0.95793356  0.96602876 -0.94684065]\n",
      " [ 1.30352238  7.27248347 -0.7754904   1.0396049  -0.52071089]\n",
      " [ 0.95793356 -0.7754904   7.42759486  0.60677538 -1.08472191]\n",
      " [ 0.96602876  1.0396049   0.60677538  5.2840987  -0.67505981]\n",
      " [-0.94684065 -0.52071089 -1.08472191 -0.67505981  7.42497152]]\n",
      "[[ 9.15787507  1.30352238  0.95793355  0.96602878 -0.94684065]\n",
      " [ 1.30352238  7.27248347 -0.7754904   1.0396049  -0.52071089]\n",
      " [ 0.95793355 -0.7754904   7.42759486  0.60677538 -1.08472191]\n",
      " [ 0.96602878  1.0396049   0.60677538  5.2840987  -0.67505981]\n",
      " [-0.94684065 -0.52071089 -1.08472191 -0.67505981  7.42497152]]\n",
      "[[ 9.15787507  1.30352238  0.95793355  0.96602876 -0.94684064]\n",
      " [ 1.30352238  7.27248347 -0.7754904   1.0396049  -0.52071089]\n",
      " [ 0.95793355 -0.7754904   7.42759486  0.60677538 -1.08472191]\n",
      " [ 0.96602876  1.0396049   0.60677538  5.2840987  -0.67505981]\n",
      " [-0.94684064 -0.52071089 -1.08472191 -0.67505981  7.42497152]]\n",
      "[[ 9.15787507  1.30352238  0.95793355  0.96602876 -0.94684065]\n",
      " [ 1.30352238  7.27248348 -0.7754904   1.0396049  -0.52071089]\n",
      " [ 0.95793355 -0.7754904   7.42759486  0.60677538 -1.08472191]\n",
      " [ 0.96602876  1.0396049   0.60677538  5.2840987  -0.67505981]\n",
      " [-0.94684065 -0.52071089 -1.08472191 -0.67505981  7.42497152]]\n",
      "[[ 9.15787507  1.30352238  0.95793355  0.96602876 -0.94684065]\n",
      " [ 1.30352238  7.27248347 -0.77549038  1.0396049  -0.52071089]\n",
      " [ 0.95793355 -0.77549038  7.42759486  0.60677538 -1.08472191]\n",
      " [ 0.96602876  1.0396049   0.60677538  5.2840987  -0.67505981]\n",
      " [-0.94684065 -0.52071089 -1.08472191 -0.67505981  7.42497152]]\n",
      "[[ 9.15787507  1.30352238  0.95793355  0.96602876 -0.94684065]\n",
      " [ 1.30352238  7.27248347 -0.7754904   1.03960491 -0.52071089]\n",
      " [ 0.95793355 -0.7754904   7.42759486  0.60677538 -1.08472191]\n",
      " [ 0.96602876  1.03960491  0.60677538  5.2840987  -0.67505981]\n",
      " [-0.94684065 -0.52071089 -1.08472191 -0.67505981  7.42497152]]\n",
      "[[ 9.15787507  1.30352238  0.95793355  0.96602876 -0.94684065]\n",
      " [ 1.30352238  7.27248347 -0.7754904   1.0396049  -0.52071088]\n",
      " [ 0.95793355 -0.7754904   7.42759486  0.60677538 -1.08472191]\n",
      " [ 0.96602876  1.0396049   0.60677538  5.2840987  -0.67505981]\n",
      " [-0.94684065 -0.52071088 -1.08472191 -0.67505981  7.42497152]]\n",
      "[[ 9.15787507  1.30352238  0.95793355  0.96602876 -0.94684065]\n",
      " [ 1.30352238  7.27248347 -0.7754904   1.0396049  -0.52071089]\n",
      " [ 0.95793355 -0.7754904   7.42759487  0.60677538 -1.08472191]\n",
      " [ 0.96602876  1.0396049   0.60677538  5.2840987  -0.67505981]\n",
      " [-0.94684065 -0.52071089 -1.08472191 -0.67505981  7.42497152]]\n",
      "[[ 9.15787507  1.30352238  0.95793355  0.96602876 -0.94684065]\n",
      " [ 1.30352238  7.27248347 -0.7754904   1.0396049  -0.52071089]\n",
      " [ 0.95793355 -0.7754904   7.42759486  0.60677539 -1.08472191]\n",
      " [ 0.96602876  1.0396049   0.60677539  5.2840987  -0.67505981]\n",
      " [-0.94684065 -0.52071089 -1.08472191 -0.67505981  7.42497152]]\n",
      "[[ 9.15787507  1.30352238  0.95793355  0.96602876 -0.94684065]\n",
      " [ 1.30352238  7.27248347 -0.7754904   1.0396049  -0.52071089]\n",
      " [ 0.95793355 -0.7754904   7.42759486  0.60677538 -1.0847219 ]\n",
      " [ 0.96602876  1.0396049   0.60677538  5.2840987  -0.67505981]\n",
      " [-0.94684065 -0.52071089 -1.0847219  -0.67505981  7.42497152]]\n",
      "[[ 9.15787507  1.30352238  0.95793355  0.96602876 -0.94684065]\n",
      " [ 1.30352238  7.27248347 -0.7754904   1.0396049  -0.52071089]\n",
      " [ 0.95793355 -0.7754904   7.42759486  0.60677538 -1.08472191]\n",
      " [ 0.96602876  1.0396049   0.60677538  5.28409871 -0.67505981]\n",
      " [-0.94684065 -0.52071089 -1.08472191 -0.67505981  7.42497152]]\n",
      "[[ 9.15787507  1.30352238  0.95793355  0.96602876 -0.94684065]\n",
      " [ 1.30352238  7.27248347 -0.7754904   1.0396049  -0.52071089]\n",
      " [ 0.95793355 -0.7754904   7.42759486  0.60677538 -1.08472191]\n",
      " [ 0.96602876  1.0396049   0.60677538  5.2840987  -0.67505979]\n",
      " [-0.94684065 -0.52071089 -1.08472191 -0.67505979  7.42497152]]\n",
      "[[ 9.15787507  1.30352238  0.95793355  0.96602876 -0.94684065]\n",
      " [ 1.30352238  7.27248347 -0.7754904   1.0396049  -0.52071089]\n",
      " [ 0.95793355 -0.7754904   7.42759486  0.60677538 -1.08472191]\n",
      " [ 0.96602876  1.0396049   0.60677538  5.2840987  -0.67505981]\n",
      " [-0.94684065 -0.52071089 -1.08472191 -0.67505981  7.42497153]]\n",
      "[[ 8.93667191  1.07640748  0.77043851  0.67130759 -1.53516646]\n",
      " [ 1.07640748  7.14047417 -0.9938367   0.91961078 -0.78062941]\n",
      " [ 0.77043851 -0.9938367   5.11251923  0.13580387 -1.77764904]\n",
      " [ 0.67130759  0.91961078  0.13580387  2.50974369 -1.89021441]\n",
      " [-1.53516646 -0.78062941 -1.77764904 -1.89021441  6.81611665]]\n",
      "[[ 8.93667193  1.07640748  0.77043851  0.67130759 -1.53516646]\n",
      " [ 1.07640748  7.14047417 -0.9938367   0.91961078 -0.78062941]\n",
      " [ 0.77043851 -0.9938367   5.11251923  0.13580387 -1.77764904]\n",
      " [ 0.67130759  0.91961078  0.13580387  2.50974369 -1.89021441]\n",
      " [-1.53516646 -0.78062941 -1.77764904 -1.89021441  6.81611665]]\n",
      "[[ 8.93667191  1.07640749  0.77043851  0.67130759 -1.53516646]\n",
      " [ 1.07640749  7.14047417 -0.9938367   0.91961078 -0.78062941]\n",
      " [ 0.77043851 -0.9938367   5.11251923  0.13580387 -1.77764904]\n",
      " [ 0.67130759  0.91961078  0.13580387  2.50974369 -1.89021441]\n",
      " [-1.53516646 -0.78062941 -1.77764904 -1.89021441  6.81611665]]\n",
      "[[ 8.93667191  1.07640748  0.77043852  0.67130759 -1.53516646]\n",
      " [ 1.07640748  7.14047417 -0.9938367   0.91961078 -0.78062941]\n",
      " [ 0.77043852 -0.9938367   5.11251923  0.13580387 -1.77764904]\n",
      " [ 0.67130759  0.91961078  0.13580387  2.50974369 -1.89021441]\n",
      " [-1.53516646 -0.78062941 -1.77764904 -1.89021441  6.81611665]]\n",
      "[[ 8.93667191  1.07640748  0.77043851  0.6713076  -1.53516646]\n",
      " [ 1.07640748  7.14047417 -0.9938367   0.91961078 -0.78062941]\n",
      " [ 0.77043851 -0.9938367   5.11251923  0.13580387 -1.77764904]\n",
      " [ 0.6713076   0.91961078  0.13580387  2.50974369 -1.89021441]\n",
      " [-1.53516646 -0.78062941 -1.77764904 -1.89021441  6.81611665]]\n",
      "[[ 8.93667191  1.07640748  0.77043851  0.67130759 -1.53516644]\n",
      " [ 1.07640748  7.14047417 -0.9938367   0.91961078 -0.78062941]\n",
      " [ 0.77043851 -0.9938367   5.11251923  0.13580387 -1.77764904]\n",
      " [ 0.67130759  0.91961078  0.13580387  2.50974369 -1.89021441]\n",
      " [-1.53516644 -0.78062941 -1.77764904 -1.89021441  6.81611665]]\n",
      "[[ 8.93667191  1.07640748  0.77043851  0.67130759 -1.53516646]\n",
      " [ 1.07640748  7.14047419 -0.9938367   0.91961078 -0.78062941]\n",
      " [ 0.77043851 -0.9938367   5.11251923  0.13580387 -1.77764904]\n",
      " [ 0.67130759  0.91961078  0.13580387  2.50974369 -1.89021441]\n",
      " [-1.53516646 -0.78062941 -1.77764904 -1.89021441  6.81611665]]\n",
      "[[ 8.93667191  1.07640748  0.77043851  0.67130759 -1.53516646]\n",
      " [ 1.07640748  7.14047417 -0.99383669  0.91961078 -0.78062941]\n",
      " [ 0.77043851 -0.99383669  5.11251923  0.13580387 -1.77764904]\n",
      " [ 0.67130759  0.91961078  0.13580387  2.50974369 -1.89021441]\n",
      " [-1.53516646 -0.78062941 -1.77764904 -1.89021441  6.81611665]]\n",
      "[[ 8.93667191  1.07640748  0.77043851  0.67130759 -1.53516646]\n",
      " [ 1.07640748  7.14047417 -0.9938367   0.91961079 -0.78062941]\n",
      " [ 0.77043851 -0.9938367   5.11251923  0.13580387 -1.77764904]\n",
      " [ 0.67130759  0.91961079  0.13580387  2.50974369 -1.89021441]\n",
      " [-1.53516646 -0.78062941 -1.77764904 -1.89021441  6.81611665]]\n",
      "[[ 8.93667191  1.07640748  0.77043851  0.67130759 -1.53516646]\n",
      " [ 1.07640748  7.14047417 -0.9938367   0.91961078 -0.7806294 ]\n",
      " [ 0.77043851 -0.9938367   5.11251923  0.13580387 -1.77764904]\n",
      " [ 0.67130759  0.91961078  0.13580387  2.50974369 -1.89021441]\n",
      " [-1.53516646 -0.7806294  -1.77764904 -1.89021441  6.81611665]]\n",
      "[[ 8.93667191  1.07640748  0.77043851  0.67130759 -1.53516646]\n",
      " [ 1.07640748  7.14047417 -0.9938367   0.91961078 -0.78062941]\n",
      " [ 0.77043851 -0.9938367   5.11251925  0.13580387 -1.77764904]\n",
      " [ 0.67130759  0.91961078  0.13580387  2.50974369 -1.89021441]\n",
      " [-1.53516646 -0.78062941 -1.77764904 -1.89021441  6.81611665]]\n",
      "[[ 8.93667191  1.07640748  0.77043851  0.67130759 -1.53516646]\n",
      " [ 1.07640748  7.14047417 -0.9938367   0.91961078 -0.78062941]\n",
      " [ 0.77043851 -0.9938367   5.11251923  0.13580389 -1.77764904]\n",
      " [ 0.67130759  0.91961078  0.13580389  2.50974369 -1.89021441]\n",
      " [-1.53516646 -0.78062941 -1.77764904 -1.89021441  6.81611665]]\n",
      "[[ 8.93667191  1.07640748  0.77043851  0.67130759 -1.53516646]\n",
      " [ 1.07640748  7.14047417 -0.9938367   0.91961078 -0.78062941]\n",
      " [ 0.77043851 -0.9938367   5.11251923  0.13580387 -1.77764903]\n",
      " [ 0.67130759  0.91961078  0.13580387  2.50974369 -1.89021441]\n",
      " [-1.53516646 -0.78062941 -1.77764903 -1.89021441  6.81611665]]\n",
      "[[ 8.93667191  1.07640748  0.77043851  0.67130759 -1.53516646]\n",
      " [ 1.07640748  7.14047417 -0.9938367   0.91961078 -0.78062941]\n",
      " [ 0.77043851 -0.9938367   5.11251923  0.13580387 -1.77764904]\n",
      " [ 0.67130759  0.91961078  0.13580387  2.50974371 -1.89021441]\n",
      " [-1.53516646 -0.78062941 -1.77764904 -1.89021441  6.81611665]]\n",
      "[[ 8.93667191  1.07640748  0.77043851  0.67130759 -1.53516646]\n",
      " [ 1.07640748  7.14047417 -0.9938367   0.91961078 -0.78062941]\n",
      " [ 0.77043851 -0.9938367   5.11251923  0.13580387 -1.77764904]\n",
      " [ 0.67130759  0.91961078  0.13580387  2.50974369 -1.8902144 ]\n",
      " [-1.53516646 -0.78062941 -1.77764904 -1.8902144   6.81611665]]\n",
      "[[ 8.93667191  1.07640748  0.77043851  0.67130759 -1.53516646]\n",
      " [ 1.07640748  7.14047417 -0.9938367   0.91961078 -0.78062941]\n",
      " [ 0.77043851 -0.9938367   5.11251923  0.13580387 -1.77764904]\n",
      " [ 0.67130759  0.91961078  0.13580387  2.50974369 -1.89021441]\n",
      " [-1.53516646 -0.78062941 -1.77764904 -1.89021441  6.81611667]]\n",
      "[[ 8.05185928  0.16794789  0.02045835 -0.5075771  -3.88846969]\n",
      " [ 0.16794789  6.61243697 -1.86722193  0.43963431 -1.82030349]\n",
      " [ 0.02045835 -1.86722193 -4.14778327 -1.74808214 -4.54935757]\n",
      " [-0.5075771   0.43963431 -1.74808214 -8.58767633 -6.75083284]\n",
      " [-3.88846969 -1.82030349 -4.54935757 -6.75083284  4.38069718]]\n",
      "[[ 8.0518593   0.16794789  0.02045835 -0.5075771  -3.88846969]\n",
      " [ 0.16794789  6.61243697 -1.86722193  0.43963431 -1.82030349]\n",
      " [ 0.02045835 -1.86722193 -4.14778327 -1.74808214 -4.54935757]\n",
      " [-0.5075771   0.43963431 -1.74808214 -8.58767633 -6.75083284]\n",
      " [-3.88846969 -1.82030349 -4.54935757 -6.75083284  4.38069718]]\n",
      "[[ 8.05185928  0.1679479   0.02045835 -0.5075771  -3.88846969]\n",
      " [ 0.1679479   6.61243697 -1.86722193  0.43963431 -1.82030349]\n",
      " [ 0.02045835 -1.86722193 -4.14778327 -1.74808214 -4.54935757]\n",
      " [-0.5075771   0.43963431 -1.74808214 -8.58767633 -6.75083284]\n",
      " [-3.88846969 -1.82030349 -4.54935757 -6.75083284  4.38069718]]\n",
      "[[ 8.05185928  0.16794789  0.02045837 -0.5075771  -3.88846969]\n",
      " [ 0.16794789  6.61243697 -1.86722193  0.43963431 -1.82030349]\n",
      " [ 0.02045837 -1.86722193 -4.14778327 -1.74808214 -4.54935757]\n",
      " [-0.5075771   0.43963431 -1.74808214 -8.58767633 -6.75083284]\n",
      " [-3.88846969 -1.82030349 -4.54935757 -6.75083284  4.38069718]]\n",
      "[[ 8.05185928  0.16794789  0.02045835 -0.50757708 -3.88846969]\n",
      " [ 0.16794789  6.61243697 -1.86722193  0.43963431 -1.82030349]\n",
      " [ 0.02045835 -1.86722193 -4.14778327 -1.74808214 -4.54935757]\n",
      " [-0.50757708  0.43963431 -1.74808214 -8.58767633 -6.75083284]\n",
      " [-3.88846969 -1.82030349 -4.54935757 -6.75083284  4.38069718]]\n",
      "[[ 8.05185928  0.16794789  0.02045835 -0.5075771  -3.88846968]\n",
      " [ 0.16794789  6.61243697 -1.86722193  0.43963431 -1.82030349]\n",
      " [ 0.02045835 -1.86722193 -4.14778327 -1.74808214 -4.54935757]\n",
      " [-0.5075771   0.43963431 -1.74808214 -8.58767633 -6.75083284]\n",
      " [-3.88846968 -1.82030349 -4.54935757 -6.75083284  4.38069718]]\n",
      "[[ 8.05185928  0.16794789  0.02045835 -0.5075771  -3.88846969]\n",
      " [ 0.16794789  6.61243699 -1.86722193  0.43963431 -1.82030349]\n",
      " [ 0.02045835 -1.86722193 -4.14778327 -1.74808214 -4.54935757]\n",
      " [-0.5075771   0.43963431 -1.74808214 -8.58767633 -6.75083284]\n",
      " [-3.88846969 -1.82030349 -4.54935757 -6.75083284  4.38069718]]\n",
      "[[ 8.05185928  0.16794789  0.02045835 -0.5075771  -3.88846969]\n",
      " [ 0.16794789  6.61243697 -1.86722192  0.43963431 -1.82030349]\n",
      " [ 0.02045835 -1.86722192 -4.14778327 -1.74808214 -4.54935757]\n",
      " [-0.5075771   0.43963431 -1.74808214 -8.58767633 -6.75083284]\n",
      " [-3.88846969 -1.82030349 -4.54935757 -6.75083284  4.38069718]]\n",
      "[[ 8.05185928  0.16794789  0.02045835 -0.5075771  -3.88846969]\n",
      " [ 0.16794789  6.61243697 -1.86722193  0.43963432 -1.82030349]\n",
      " [ 0.02045835 -1.86722193 -4.14778327 -1.74808214 -4.54935757]\n",
      " [-0.5075771   0.43963432 -1.74808214 -8.58767633 -6.75083284]\n",
      " [-3.88846969 -1.82030349 -4.54935757 -6.75083284  4.38069718]]\n",
      "[[ 8.05185928  0.16794789  0.02045835 -0.5075771  -3.88846969]\n",
      " [ 0.16794789  6.61243697 -1.86722193  0.43963431 -1.82030348]\n",
      " [ 0.02045835 -1.86722193 -4.14778327 -1.74808214 -4.54935757]\n",
      " [-0.5075771   0.43963431 -1.74808214 -8.58767633 -6.75083284]\n",
      " [-3.88846969 -1.82030348 -4.54935757 -6.75083284  4.38069718]]\n",
      "[[ 8.05185928  0.16794789  0.02045835 -0.5075771  -3.88846969]\n",
      " [ 0.16794789  6.61243697 -1.86722193  0.43963431 -1.82030349]\n",
      " [ 0.02045835 -1.86722193 -4.14778326 -1.74808214 -4.54935757]\n",
      " [-0.5075771   0.43963431 -1.74808214 -8.58767633 -6.75083284]\n",
      " [-3.88846969 -1.82030349 -4.54935757 -6.75083284  4.38069718]]\n",
      "[[ 8.05185928  0.16794789  0.02045835 -0.5075771  -3.88846969]\n",
      " [ 0.16794789  6.61243697 -1.86722193  0.43963431 -1.82030349]\n",
      " [ 0.02045835 -1.86722193 -4.14778327 -1.74808212 -4.54935757]\n",
      " [-0.5075771   0.43963431 -1.74808212 -8.58767633 -6.75083284]\n",
      " [-3.88846969 -1.82030349 -4.54935757 -6.75083284  4.38069718]]\n",
      "[[ 8.05185928  0.16794789  0.02045835 -0.5075771  -3.88846969]\n",
      " [ 0.16794789  6.61243697 -1.86722193  0.43963431 -1.82030349]\n",
      " [ 0.02045835 -1.86722193 -4.14778327 -1.74808214 -4.54935755]\n",
      " [-0.5075771   0.43963431 -1.74808214 -8.58767633 -6.75083284]\n",
      " [-3.88846969 -1.82030349 -4.54935755 -6.75083284  4.38069718]]\n",
      "[[ 8.05185928  0.16794789  0.02045835 -0.5075771  -3.88846969]\n",
      " [ 0.16794789  6.61243697 -1.86722193  0.43963431 -1.82030349]\n",
      " [ 0.02045835 -1.86722193 -4.14778327 -1.74808214 -4.54935757]\n",
      " [-0.5075771   0.43963431 -1.74808214 -8.58767632 -6.75083284]\n",
      " [-3.88846969 -1.82030349 -4.54935757 -6.75083284  4.38069718]]\n",
      "[[ 8.05185928  0.16794789  0.02045835 -0.5075771  -3.88846969]\n",
      " [ 0.16794789  6.61243697 -1.86722193  0.43963431 -1.82030349]\n",
      " [ 0.02045835 -1.86722193 -4.14778327 -1.74808214 -4.54935757]\n",
      " [-0.5075771   0.43963431 -1.74808214 -8.58767633 -6.75083282]\n",
      " [-3.88846969 -1.82030349 -4.54935757 -6.75083282  4.38069718]]\n",
      "[[ 8.05185928  0.16794789  0.02045835 -0.5075771  -3.88846969]\n",
      " [ 0.16794789  6.61243697 -1.86722193  0.43963431 -1.82030349]\n",
      " [ 0.02045835 -1.86722193 -4.14778327 -1.74808214 -4.54935757]\n",
      " [-0.5075771   0.43963431 -1.74808214 -8.58767633 -6.75083284]\n",
      " [-3.88846969 -1.82030349 -4.54935757 -6.75083284  4.38069719]]\n",
      "[[  4.51260874  -3.46589049  -2.97946227  -5.22311585 -13.30168262]\n",
      " [ -3.46589049   4.50028819  -5.36076283  -1.48027158  -5.97899982]\n",
      " [ -2.97946227  -5.36076283 -41.18899328  -9.28362618 -15.63619167]\n",
      " [ -5.22311585  -1.48027158  -9.28362618 -52.97735642 -26.19330654]\n",
      " [-13.30168262  -5.97899982 -15.63619167 -26.19330654  -5.36098071]]\n",
      "[[  4.51260876  -3.46589049  -2.97946227  -5.22311585 -13.30168262]\n",
      " [ -3.46589049   4.50028819  -5.36076283  -1.48027158  -5.97899982]\n",
      " [ -2.97946227  -5.36076283 -41.18899328  -9.28362618 -15.63619167]\n",
      " [ -5.22311585  -1.48027158  -9.28362618 -52.97735642 -26.19330654]\n",
      " [-13.30168262  -5.97899982 -15.63619167 -26.19330654  -5.36098071]]\n",
      "[[  4.51260874  -3.46589047  -2.97946227  -5.22311585 -13.30168262]\n",
      " [ -3.46589047   4.50028819  -5.36076283  -1.48027158  -5.97899982]\n",
      " [ -2.97946227  -5.36076283 -41.18899328  -9.28362618 -15.63619167]\n",
      " [ -5.22311585  -1.48027158  -9.28362618 -52.97735642 -26.19330654]\n",
      " [-13.30168262  -5.97899982 -15.63619167 -26.19330654  -5.36098071]]\n",
      "[[  4.51260874  -3.46589049  -2.97946226  -5.22311585 -13.30168262]\n",
      " [ -3.46589049   4.50028819  -5.36076283  -1.48027158  -5.97899982]\n",
      " [ -2.97946226  -5.36076283 -41.18899328  -9.28362618 -15.63619167]\n",
      " [ -5.22311585  -1.48027158  -9.28362618 -52.97735642 -26.19330654]\n",
      " [-13.30168262  -5.97899982 -15.63619167 -26.19330654  -5.36098071]]\n",
      "[[  4.51260874  -3.46589049  -2.97946227  -5.22311584 -13.30168262]\n",
      " [ -3.46589049   4.50028819  -5.36076283  -1.48027158  -5.97899982]\n",
      " [ -2.97946227  -5.36076283 -41.18899328  -9.28362618 -15.63619167]\n",
      " [ -5.22311584  -1.48027158  -9.28362618 -52.97735642 -26.19330654]\n",
      " [-13.30168262  -5.97899982 -15.63619167 -26.19330654  -5.36098071]]\n",
      "[[  4.51260874  -3.46589049  -2.97946227  -5.22311585 -13.3016826 ]\n",
      " [ -3.46589049   4.50028819  -5.36076283  -1.48027158  -5.97899982]\n",
      " [ -2.97946227  -5.36076283 -41.18899328  -9.28362618 -15.63619167]\n",
      " [ -5.22311585  -1.48027158  -9.28362618 -52.97735642 -26.19330654]\n",
      " [-13.3016826   -5.97899982 -15.63619167 -26.19330654  -5.36098071]]\n",
      "[[  4.51260874  -3.46589049  -2.97946227  -5.22311585 -13.30168262]\n",
      " [ -3.46589049   4.5002882   -5.36076283  -1.48027158  -5.97899982]\n",
      " [ -2.97946227  -5.36076283 -41.18899328  -9.28362618 -15.63619167]\n",
      " [ -5.22311585  -1.48027158  -9.28362618 -52.97735642 -26.19330654]\n",
      " [-13.30168262  -5.97899982 -15.63619167 -26.19330654  -5.36098071]]\n",
      "[[  4.51260874  -3.46589049  -2.97946227  -5.22311585 -13.30168262]\n",
      " [ -3.46589049   4.50028819  -5.36076282  -1.48027158  -5.97899982]\n",
      " [ -2.97946227  -5.36076282 -41.18899328  -9.28362618 -15.63619167]\n",
      " [ -5.22311585  -1.48027158  -9.28362618 -52.97735642 -26.19330654]\n",
      " [-13.30168262  -5.97899982 -15.63619167 -26.19330654  -5.36098071]]\n",
      "[[  4.51260874  -3.46589049  -2.97946227  -5.22311585 -13.30168262]\n",
      " [ -3.46589049   4.50028819  -5.36076283  -1.48027156  -5.97899982]\n",
      " [ -2.97946227  -5.36076283 -41.18899328  -9.28362618 -15.63619167]\n",
      " [ -5.22311585  -1.48027156  -9.28362618 -52.97735642 -26.19330654]\n",
      " [-13.30168262  -5.97899982 -15.63619167 -26.19330654  -5.36098071]]\n",
      "[[  4.51260874  -3.46589049  -2.97946227  -5.22311585 -13.30168262]\n",
      " [ -3.46589049   4.50028819  -5.36076283  -1.48027158  -5.97899981]\n",
      " [ -2.97946227  -5.36076283 -41.18899328  -9.28362618 -15.63619167]\n",
      " [ -5.22311585  -1.48027158  -9.28362618 -52.97735642 -26.19330654]\n",
      " [-13.30168262  -5.97899981 -15.63619167 -26.19330654  -5.36098071]]\n",
      "[[  4.51260874  -3.46589049  -2.97946227  -5.22311585 -13.30168262]\n",
      " [ -3.46589049   4.50028819  -5.36076283  -1.48027158  -5.97899982]\n",
      " [ -2.97946227  -5.36076283 -41.18899326  -9.28362618 -15.63619167]\n",
      " [ -5.22311585  -1.48027158  -9.28362618 -52.97735642 -26.19330654]\n",
      " [-13.30168262  -5.97899982 -15.63619167 -26.19330654  -5.36098071]]\n",
      "[[  4.51260874  -3.46589049  -2.97946227  -5.22311585 -13.30168262]\n",
      " [ -3.46589049   4.50028819  -5.36076283  -1.48027158  -5.97899982]\n",
      " [ -2.97946227  -5.36076283 -41.18899328  -9.28362617 -15.63619167]\n",
      " [ -5.22311585  -1.48027158  -9.28362617 -52.97735642 -26.19330654]\n",
      " [-13.30168262  -5.97899982 -15.63619167 -26.19330654  -5.36098071]]\n",
      "[[  4.51260874  -3.46589049  -2.97946227  -5.22311585 -13.30168262]\n",
      " [ -3.46589049   4.50028819  -5.36076283  -1.48027158  -5.97899982]\n",
      " [ -2.97946227  -5.36076283 -41.18899328  -9.28362618 -15.63619165]\n",
      " [ -5.22311585  -1.48027158  -9.28362618 -52.97735642 -26.19330654]\n",
      " [-13.30168262  -5.97899982 -15.63619165 -26.19330654  -5.36098071]]\n",
      "[[  4.51260874  -3.46589049  -2.97946227  -5.22311585 -13.30168262]\n",
      " [ -3.46589049   4.50028819  -5.36076283  -1.48027158  -5.97899982]\n",
      " [ -2.97946227  -5.36076283 -41.18899328  -9.28362618 -15.63619167]\n",
      " [ -5.22311585  -1.48027158  -9.28362618 -52.9773564  -26.19330654]\n",
      " [-13.30168262  -5.97899982 -15.63619167 -26.19330654  -5.36098071]]\n",
      "[[  4.51260874  -3.46589049  -2.97946227  -5.22311585 -13.30168262]\n",
      " [ -3.46589049   4.50028819  -5.36076283  -1.48027158  -5.97899982]\n",
      " [ -2.97946227  -5.36076283 -41.18899328  -9.28362618 -15.63619167]\n",
      " [ -5.22311585  -1.48027158  -9.28362618 -52.97735642 -26.19330652]\n",
      " [-13.30168262  -5.97899982 -15.63619167 -26.19330652  -5.36098071]]\n",
      "[[  4.51260874  -3.46589049  -2.97946227  -5.22311585 -13.30168262]\n",
      " [ -3.46589049   4.50028819  -5.36076283  -1.48027158  -5.97899982]\n",
      " [ -2.97946227  -5.36076283 -41.18899328  -9.28362618 -15.63619167]\n",
      " [ -5.22311585  -1.48027158  -9.28362618 -52.97735642 -26.19330654]\n",
      " [-13.30168262  -5.97899982 -15.63619167 -26.19330654  -5.3609807 ]]\n",
      "[[ 9.15787507  1.30352238  0.95793355  0.96602876 -0.94684065]\n",
      " [ 1.30352238  7.27248347 -0.7754904   1.0396049  -0.52071089]\n",
      " [ 0.95793355 -0.7754904   7.42759486  0.60677538 -1.08472191]\n",
      " [ 0.96602876  1.0396049   0.60677538  5.2840987  -0.67505981]\n",
      " [-0.94684065 -0.52071089 -1.08472191 -0.67505981  7.42497152]]\n",
      "[[ 9.15787509  1.30352238  0.95793355  0.96602876 -0.94684065]\n",
      " [ 1.30352238  7.27248347 -0.7754904   1.0396049  -0.52071089]\n",
      " [ 0.95793355 -0.7754904   7.42759486  0.60677538 -1.08472191]\n",
      " [ 0.96602876  1.0396049   0.60677538  5.2840987  -0.67505981]\n",
      " [-0.94684065 -0.52071089 -1.08472191 -0.67505981  7.42497152]]\n",
      "[[ 9.15787507  1.30352239  0.95793355  0.96602876 -0.94684065]\n",
      " [ 1.30352239  7.27248347 -0.7754904   1.0396049  -0.52071089]\n",
      " [ 0.95793355 -0.7754904   7.42759486  0.60677538 -1.08472191]\n",
      " [ 0.96602876  1.0396049   0.60677538  5.2840987  -0.67505981]\n",
      " [-0.94684065 -0.52071089 -1.08472191 -0.67505981  7.42497152]]\n",
      "[[ 9.15787507  1.30352238  0.95793356  0.96602876 -0.94684065]\n",
      " [ 1.30352238  7.27248347 -0.7754904   1.0396049  -0.52071089]\n",
      " [ 0.95793356 -0.7754904   7.42759486  0.60677538 -1.08472191]\n",
      " [ 0.96602876  1.0396049   0.60677538  5.2840987  -0.67505981]\n",
      " [-0.94684065 -0.52071089 -1.08472191 -0.67505981  7.42497152]]\n",
      "[[ 9.15787507  1.30352238  0.95793355  0.96602878 -0.94684065]\n",
      " [ 1.30352238  7.27248347 -0.7754904   1.0396049  -0.52071089]\n",
      " [ 0.95793355 -0.7754904   7.42759486  0.60677538 -1.08472191]\n",
      " [ 0.96602878  1.0396049   0.60677538  5.2840987  -0.67505981]\n",
      " [-0.94684065 -0.52071089 -1.08472191 -0.67505981  7.42497152]]\n",
      "[[ 9.15787507  1.30352238  0.95793355  0.96602876 -0.94684064]\n",
      " [ 1.30352238  7.27248347 -0.7754904   1.0396049  -0.52071089]\n",
      " [ 0.95793355 -0.7754904   7.42759486  0.60677538 -1.08472191]\n",
      " [ 0.96602876  1.0396049   0.60677538  5.2840987  -0.67505981]\n",
      " [-0.94684064 -0.52071089 -1.08472191 -0.67505981  7.42497152]]\n",
      "[[ 9.15787507  1.30352238  0.95793355  0.96602876 -0.94684065]\n",
      " [ 1.30352238  7.27248348 -0.7754904   1.0396049  -0.52071089]\n",
      " [ 0.95793355 -0.7754904   7.42759486  0.60677538 -1.08472191]\n",
      " [ 0.96602876  1.0396049   0.60677538  5.2840987  -0.67505981]\n",
      " [-0.94684065 -0.52071089 -1.08472191 -0.67505981  7.42497152]]\n",
      "[[ 9.15787507  1.30352238  0.95793355  0.96602876 -0.94684065]\n",
      " [ 1.30352238  7.27248347 -0.77549038  1.0396049  -0.52071089]\n",
      " [ 0.95793355 -0.77549038  7.42759486  0.60677538 -1.08472191]\n",
      " [ 0.96602876  1.0396049   0.60677538  5.2840987  -0.67505981]\n",
      " [-0.94684065 -0.52071089 -1.08472191 -0.67505981  7.42497152]]\n",
      "[[ 9.15787507  1.30352238  0.95793355  0.96602876 -0.94684065]\n",
      " [ 1.30352238  7.27248347 -0.7754904   1.03960491 -0.52071089]\n",
      " [ 0.95793355 -0.7754904   7.42759486  0.60677538 -1.08472191]\n",
      " [ 0.96602876  1.03960491  0.60677538  5.2840987  -0.67505981]\n",
      " [-0.94684065 -0.52071089 -1.08472191 -0.67505981  7.42497152]]\n",
      "[[ 9.15787507  1.30352238  0.95793355  0.96602876 -0.94684065]\n",
      " [ 1.30352238  7.27248347 -0.7754904   1.0396049  -0.52071088]\n",
      " [ 0.95793355 -0.7754904   7.42759486  0.60677538 -1.08472191]\n",
      " [ 0.96602876  1.0396049   0.60677538  5.2840987  -0.67505981]\n",
      " [-0.94684065 -0.52071088 -1.08472191 -0.67505981  7.42497152]]\n",
      "[[ 9.15787507  1.30352238  0.95793355  0.96602876 -0.94684065]\n",
      " [ 1.30352238  7.27248347 -0.7754904   1.0396049  -0.52071089]\n",
      " [ 0.95793355 -0.7754904   7.42759487  0.60677538 -1.08472191]\n",
      " [ 0.96602876  1.0396049   0.60677538  5.2840987  -0.67505981]\n",
      " [-0.94684065 -0.52071089 -1.08472191 -0.67505981  7.42497152]]\n",
      "[[ 9.15787507  1.30352238  0.95793355  0.96602876 -0.94684065]\n",
      " [ 1.30352238  7.27248347 -0.7754904   1.0396049  -0.52071089]\n",
      " [ 0.95793355 -0.7754904   7.42759486  0.60677539 -1.08472191]\n",
      " [ 0.96602876  1.0396049   0.60677539  5.2840987  -0.67505981]\n",
      " [-0.94684065 -0.52071089 -1.08472191 -0.67505981  7.42497152]]\n",
      "[[ 9.15787507  1.30352238  0.95793355  0.96602876 -0.94684065]\n",
      " [ 1.30352238  7.27248347 -0.7754904   1.0396049  -0.52071089]\n",
      " [ 0.95793355 -0.7754904   7.42759486  0.60677538 -1.0847219 ]\n",
      " [ 0.96602876  1.0396049   0.60677538  5.2840987  -0.67505981]\n",
      " [-0.94684065 -0.52071089 -1.0847219  -0.67505981  7.42497152]]\n",
      "[[ 9.15787507  1.30352238  0.95793355  0.96602876 -0.94684065]\n",
      " [ 1.30352238  7.27248347 -0.7754904   1.0396049  -0.52071089]\n",
      " [ 0.95793355 -0.7754904   7.42759486  0.60677538 -1.08472191]\n",
      " [ 0.96602876  1.0396049   0.60677538  5.28409871 -0.67505981]\n",
      " [-0.94684065 -0.52071089 -1.08472191 -0.67505981  7.42497152]]\n",
      "[[ 9.15787507  1.30352238  0.95793355  0.96602876 -0.94684065]\n",
      " [ 1.30352238  7.27248347 -0.7754904   1.0396049  -0.52071089]\n",
      " [ 0.95793355 -0.7754904   7.42759486  0.60677538 -1.08472191]\n",
      " [ 0.96602876  1.0396049   0.60677538  5.2840987  -0.67505979]\n",
      " [-0.94684065 -0.52071089 -1.08472191 -0.67505979  7.42497152]]\n",
      "[[ 9.15787507  1.30352238  0.95793355  0.96602876 -0.94684065]\n",
      " [ 1.30352238  7.27248347 -0.7754904   1.0396049  -0.52071089]\n",
      " [ 0.95793355 -0.7754904   7.42759486  0.60677538 -1.08472191]\n",
      " [ 0.96602876  1.0396049   0.60677538  5.2840987  -0.67505981]\n",
      " [-0.94684065 -0.52071089 -1.08472191 -0.67505981  7.42497153]]\n",
      "[[ 9.10257428  1.24674365  0.91105979  0.89234847 -1.0939221 ]\n",
      " [ 1.24674365  7.23948114 -0.83007697  1.00960637 -0.58569052]\n",
      " [ 0.91105979 -0.83007697  6.84882595  0.4890325  -1.25795369]\n",
      " [ 0.89234847  1.00960637  0.4890325   4.59050994 -0.97884846]\n",
      " [-1.0939221  -0.58569052 -1.25795369 -0.97884846  7.2727578 ]]\n",
      "[[ 9.1025743   1.24674365  0.91105979  0.89234847 -1.0939221 ]\n",
