{
 "cells": [
  {
   "cell_type": "markdown",
   "id": "d8685d2b",
   "metadata": {},
   "source": [
    "# Gaussian Graphical Model on a 4‑Cycle\n",
    "This notebook simulates a 4‑dimensional Gaussian random vector whose precision matrix corresponds to the cyclic graph 1–2–3–4–1.\n",
    "We verify conditional independence structure and estimate covariance/precision matrices."
   ]
  },
  {
   "cell_type": "markdown",
   "id": "65abaf61",
   "metadata": {},
   "source": [
    "## 1. Define the graph and precision matrix"
   ]
  },
  {
   "cell_type": "code",
   "execution_count": 1,
   "id": "9efbb1a2",
   "metadata": {},
   "outputs": [
    {
     "data": {
      "text/plain": [
       "array([[ 0.29411765, -0.26470588,  0.23529412, -0.20588235],\n",
       "       [-0.26470588,  0.38823529, -0.31176471,  0.23529412],\n",
       "       [ 0.23529412, -0.31176471,  0.38823529, -0.26470588],\n",
       "       [-0.20588235,  0.23529412, -0.26470588,  0.29411765]])"
      ]
     },
     "execution_count": 1,
     "metadata": {},
     "output_type": "execute_result"
    }
   ],
   "source": [
    "import numpy as np\n",
    "import pandas as pd\n",
    "\n",
    "d = 4\n",
    "Theta = np.array([\n",
    "    [10,  5,  0,  3],\n",
    "    [ 5, 10,  5,  0],\n",
    "    [ 0,  5, 10,  5],\n",
    "    [ 3,  0,  5, 10]\n",
    "])\n",
    "Sigma = np.linalg.inv(Theta)\n",
    "Sigma"
   ]
  },
  {
   "cell_type": "markdown",
   "id": "ef7ea673",
   "metadata": {},
   "source": [
    "## 2. Simulate Gaussian sample"
   ]
  },
  {
   "cell_type": "code",
   "execution_count": 2,
   "id": "eac849ba",
   "metadata": {},
   "outputs": [
    {
     "data": {
      "text/plain": [
       "array([[-0.21956415,  1.08123084, -1.02922016,  0.76059621],\n",
       "       [-0.37819471,  0.82693782, -0.06808981,  0.09553774],\n",
       "       [-0.11572183, -0.2198976 , -0.19600071,  0.85772628],\n",
       "       [ 0.19268054,  0.38428129, -0.37804683,  0.17186655],\n",
       "       [ 0.94214134, -1.00244954,  1.04096084, -0.82306598]])"
      ]
     },
     "execution_count": 2,
     "metadata": {},
     "output_type": "execute_result"
    }
   ],
   "source": [
    "N = 10**6\n",
    "mean = np.zeros(d)\n",
    "X = np.random.multivariate_normal(mean, Sigma, size=N)\n",
    "X[:5]"
   ]
  },
  {
   "cell_type": "markdown",
   "id": "62f45a49",
   "metadata": {},
   "source": [
    "## 3. Standardize margins"
   ]
  },
  {
   "cell_type": "code",
   "execution_count": 3,
   "id": "e71b51fd",
   "metadata": {},
   "outputs": [
    {
     "data": {
      "text/plain": [
       "array([0.99938952, 0.99972868, 1.0017663 , 1.00028548])"
      ]
     },
     "execution_count": 3,
     "metadata": {},
     "output_type": "execute_result"
    }
   ],
   "source": [
    "std = np.sqrt(np.diag(Sigma))\n",
    "X = X / std\n",
    "np.var(X, axis=0)"
   ]
  },
  {
   "cell_type": "markdown",
   "id": "046fd920",
   "metadata": {},
   "source": [
    "## 4. Estimate covariance and precision"
   ]
  },
  {
   "cell_type": "code",
   "execution_count": 4,
   "id": "48a6ed97",
   "metadata": {},
   "outputs": [
    {
     "data": {
      "text/plain": [
       "(array([[ 0.99939052, -0.78265185,  0.69641576, -0.70053628],\n",
       "        [-0.78265185,  0.99972968, -0.8038503 ,  0.69652438],\n",
       "        [ 0.69641576, -0.8038503 ,  1.00176731, -0.78465469],\n",
       "        [-0.70053628,  0.69652438, -0.78465469,  1.00028648]]),\n",
       " array([[2.94223525, 1.68882774, 0.00682204, 0.88993085],\n",
       "        [1.68882774, 3.88404106, 1.94678738, 0.00531014],\n",
       "        [0.00682204, 1.94678738, 3.88403098, 1.69593149],\n",
       "        [0.88993085, 0.00531014, 1.69593149, 2.94960581]]))"
      ]
     },
     "execution_count": 4,
     "metadata": {},
     "output_type": "execute_result"
    }
   ],
   "source": [
    "EstimSigma = np.cov(X, rowvar=False)\n",
    "EstimTheta = np.linalg.inv(EstimSigma)\n",
    "EstimSigma, EstimTheta"
   ]
  },
  {
   "cell_type": "markdown",
   "id": "92ecaa2a",
   "metadata": {},
   "source": [
    "## 5. Maximum-likelihood estimation"
   ]
  },
  {
   "cell_type": "code",
   "execution_count": 6,
   "id": "68d16098",
   "metadata": {},
   "outputs": [
    {
     "name": "stderr",
     "output_type": "stream",
     "text": [
      "C:\\Users\\20254817\\AppData\\Local\\anaconda3\\Lib\\site-packages\\scipy\\optimize\\_numdiff.py:596: RuntimeWarning: invalid value encountered in subtract\n",
      "  df = fun(x1) - f0\n"
     ]
    },
    {
     "data": {
      "text/plain": [
       "array([[2.94223486, 1.68883029, 0.00682449, 0.88993044],\n",
       "       [1.68883029, 3.88404619, 1.94678662, 0.00530747],\n",
       "       [0.00682449, 1.94678662, 3.8840208 , 1.6959251 ],\n",
       "       [0.88993044, 0.00530747, 1.6959251 , 2.94960183]])"
      ]
     },
     "execution_count": 6,
     "metadata": {},
     "output_type": "execute_result"
    }
   ],
   "source": [
    "from scipy.optimize import minimize\n",
    "\n",
    "def construct_symmetric_matrix(theta_vec):\n",
    "    Theta_mat = np.zeros((d, d))\n",
    "    idx = np.triu_indices(d)\n",
    "    Theta_mat[idx] = theta_vec\n",
    "    Theta_mat = Theta_mat + Theta_mat.T - np.diag(np.diag(Theta_mat))\n",
    "    return Theta_mat\n",
    "\n",
    "def log_likelihood(theta_vec, S):\n",
    "    Theta_mat = construct_symmetric_matrix(theta_vec)\n",
    "    det = np.linalg.det(Theta_mat)\n",
    "    if det <= 0:\n",
    "        return -np.inf\n",
    "    return np.log(det) - np.trace(S @ Theta_mat)\n",
    "\n",
    "A = np.random.randn(d, d)\n",
    "Theta0 = A @ A.T + d * np.eye(d)\n",
    "theta0_vec = Theta0[np.triu_indices(d)]\n",
    "\n",
    "res = minimize(lambda t: -log_likelihood(t, EstimSigma),\n",
    "               theta0_vec)\n",
    "\n",
    "Theta_MLE = construct_symmetric_matrix(res.x)\n",
    "Theta_MLE"
   ]
  },
  {
   "cell_type": "code",
   "execution_count": null,
   "id": "aa7de34a-3728-4d3f-b821-eb0880313701",
   "metadata": {},
   "outputs": [],
   "source": []
  }
 ],
 "metadata": {
  "kernelspec": {
   "display_name": "Python [conda env:base] *",
   "language": "python",
   "name": "conda-base-py"
  },
  "language_info": {
   "codemirror_mode": {
    "name": "ipython",
    "version": 3
   },
   "file_extension": ".py",
   "mimetype": "text/x-python",
   "name": "python",
   "nbconvert_exporter": "python",
   "pygments_lexer": "ipython3",
   "version": "3.13.5"
  }
 },
 "nbformat": 4,
 "nbformat_minor": 5
}
